-14567
-14819
-16059
-17679
-18891
-19495
-19787
-19947
-19555
-17971
-15091
-11655
-8583
-6055
-3491
-235
3621
7285
10033
11821
13105
14133
14617
14121
12645
10853
9445
8557
7789
6585
4789
2749
1109
397
577
877
397
-1091
-2743
-3339
-2459
-947
-191
-751
-1887
-2231
-1095
1053
3201
4681
5513
6169
6885
7461
7469
6633
5057
3065
1025
-683
-1691
-1735
-747
1077
3365
5445
6457
5857
4097
2457
1837
1909
1277
-851
-3575
-4983
-4007
-1415
901
1893
2293
3561
6129
8769
9869
9049
7685
7481
8741
10053
9701
7465
5005
4085
4877
5873
5577
4053
2669
2461
