6092
5880
5260
4200
2956
1864
976
60
-1140
-2536
-3672
-4128
-3908
-3348
-2776
-2232
-1604
-852
-112
492
956
1380
1760
1968
1992
2040
2376
3116
4024
4776
5256
5624
6092
6704
7312
7756
8024
8196
8368
8488
8436
8200
7888
7592
7296
6920
6360
5720
5160
4812
4600
4312
3736
2980
2332
2000
1904
1648
996
100
-612
-828
-624
-416
-524
-944
-1452
-1812
-1932
-1872
-1784
-1784
-2012
-2444
-3004
-3472
-3708
-3664
-3416
-2980
-2300
-1284
56
1556
2992
4276
5440
6500
7324
7760
7740
7388
6968
6624
6412
6300
6268
6320
6344
6172
