-528
-580
-740
-980
-1176
-1292
-1396
-1584
-1852
-2128
-2324
-2464
-2624
-2888
-3224
-3460
-3444
-3080
-2464
-1756
-1044
-344
396
1160
1840
2380
2728
2944
3072
3108
3096
3136
3392
3936
4640
5248
5576
5640
5580
5460
5264
4896
4384
3836
3300
2784
2236
1676
1276
1116
1100
1016
680
192
-192
-336
-344
-444
-724
-1092
-1360
-1544
-1788
-2144
-2520
-2768
-2912
-3124
-3464
-3772
-3840
-3608
-3268
-3004
-2816
-2520
-1996
-1300
-588
88
828
1716
2616
3328
3792
4132
4556
5076
5500
5644
5496
5220
4984
4744
4408
3964
3552
3312
3200
3044
