0.578846
-0.0383406
-0.57568
1.38044
-1.09609
-1.32948
-2.90808
-2.15207
-2.50244
0.0048207
-0.400225
-0.476996
-0.480963
0.139069
-0.391772
-0.150782
-0.147718
0.348496
1.95856
1.10984
-0.176662
1.3151
-0.00595898
-1.16707
-2.60359
0.834272
1.29197
-0.595211
-0.68048
-1.07359
-0.290556
0.988039
-2.36978
0.607807
1.98535
-0.630651
1.59817
-0.477684
0.0194704
-1.20774
-1.41676
0.968271
-1.95484
-0.943961
-1.86826
0.568547
0.070225
0.311948
-2.19056
0.47704
-0.236126
-1.08462
2.19195
3.50866
-0.14782
0.584058
-0.734284
1.296
-2.27328
-1.3151
-1.3123
-0.753373
0.447813
1.16477
-0.785365
0.685555
0.0871817
1.75684
-1.49303
1.38767
-3.75821
0.369866
-1.70855
0.889973
-0.576162
0.584591
1.07111
-3.09271
3.56819
0.518754
0.342404
-0.934014
1.12536
-1.38002
0.537458
1.13818
-2.30293
1.69046
1.29988
0.362582
0.996957
0.298908
-1.20852
-0.527589
-0.598996
-0.312298
-0.460204
1.24344
2.11402
0.35552
0.126652
-1.60131
-2.47486
-0.43518
0.19846
1.35994
0.79516
-2.39766
0.227061
2.50222
0.55916
1.03856
1.71476
-0.43617
-1.31272
-0.778671
0.230195
1.33479
-1.981
0.383188
-1.15345
2.02323
0.626289
1.03233
-0.0646336
-1.4551
-1.95143
1.27099
-1.59119
0.253879
-0.749073
-1.25555
-0.00519043
-0.982545
0.586398
-0.783881
-1.38446
2.29746
0.114575
1.33765
-1.92086
-1.48151
-0.0487699
1.26459
-0.00913933
-0.775314
1.59316
1.41844
0.217675
-1.3068
-1.71199
-2.59309
-0.415905
-0.460266
0.675346
0.330675
0.559362
-1.35751
-0.814651
2.40748
-0.650053
-2.28008
-0.516488
0.156852
-2.03564
0.536566
0.362627
-1.02011
0.913219
-1.29126
-0.712059
-0.221438
0.218874
0.0297901
-2.08297
0.408797
2.43646
0.234697
0.452559
3.07106
-0.258288
-0.93582
1.58131
0.0407558
-0.427246
1.60918
0.402526
0.197637
-0.606697
1.62515
-0.928595
-1.88866
0.474229
1.66516
-1.30481
1.11745
-0.668082
-1.50265
-1.6208
0.84249
-1.22539
0.570184
0.232412
-0.503071
-0.188342
0.0948147
1.31656
-0.29174
0.271734
1.44123
-0.22299
0.559985
1.53391
0.241276
-0.842432
0.177064
-0.512319
0.17534
1.10494
0.770256
-0.26974
-0.0634767
-0.820887
0.279486
0.596633
2.87546
-2.36363
-0.951295
-0.770265
-0.443725
-1.13065
0.997424
-0.846222
1.36507
-0.931517
-1.21843
-0.214035
-0.465838
1.12391
-2.52873
-0.69383
0.463972
0.0903213
0.359243
0.0897038
2.37754
-0.556518
0.720625
1.4109
-2.12381
2.3944
0.607987
-0.504856
0.0726684
0.257109
-2.03863
-1.98669
0.656228
-1.1429
1.32794
1.34538
0.144988
0.323728
1.75997
0.435494
-0.0836095
3.78336
0.482359
1.52705
0.45814
0.434642
2.80511
-1.09358
0.782779
0.307849
1.31786
0.436097
0.350356
-1.01493
1.23743
-0.774624
-0.641086
0.351148
-0.235863
-2.08934
-0.769636
2.62334
1.81004
-0.261842
1.23546
1.12672
2.03369
1.51643
2.50712
-0.237553
0.340141
-1.91521
-0.192278
-0.354774
-0.531262
-3.46907
0.00924762
-1.87944
0.288912
-0.612244
-2.58286
-0.527621
1.32956
-0.772812
-0.0929672
0.395174
1.3524
-2.15425
-0.205825
-1.69859
0.988607
-1.14702
0.397096
-0.748316
-3.00104
0.219072
1.01678
-1.03479
-0.597068
-2.13926
-0.00100388
0.917696
-1.24647
1.15026
-0.973291
-0.474534
1.98343
2.23847
-0.0875487
-0.190524
0.241216
1.51732
-0.458098
0.216484
-1.44152
0.011628
0.938127
-0.56671
1.73575
-0.629272
-2.6614
-0.45043
0.106452
-1.0504
2.5499
0.0302194
1.30911
1.07933
1.13918
0.62628
1.48032
0.766478
-0.612318
-0.662032
1.89319
0.331316
2.36119
-1.33746
-0.90707
-0.0952332
0.0456524
-0.412991
0.190818
-0.862045
-0.303692
0.102585
-0.245256
0.575551
-2.37222
-2.57039
-1.05177
-3.77748
1.27393
3.57202
0.95037
-0.0296332
-0.847928
0.980026
-1.44942
-1.37065
-2.45338
-0.878327
0.56077
0.415396
0.931445
0.467472
-0.829727
-0.322608
1.14076
-3.07245
1.62856
0.122882
2.13815
0.527796
0.450717
-2.03517
0.840424
0.0479149
1.89311
1.20978
-2.37228
0.929672
3.77024
-0.867961
0.962382
1.08061
1.68526
-0.77322
0.940405
1.24847
1.28677
-0.690864
1.32039
-0.229445
1.5402
-0.897237
-1.32914
-0.165119
0.810043
1.93631
0.563107
4.24657
-1.57462
3.22026
-2.09622
0.186563
0.379512
0.624978
-2.2612
-1.3036
-0.5339
1.15375
0.514138
-0.639119
-0.331017
-1.46682
0.693332
-1.65094
-2.73414
3.22358
-0.0622235
-1.17129
3.05228
0.91084
1.38454
0.307485
1.08413
-3.16532
2.32783
1.36488
0.326561
-1.97685
0.455845
-0.444747
-1.07904
-1.44631
-0.219037
0.164305
0.341034
0.173
-3.04477
-0.832294
1.9208
-0.311494
-0.554411
-2.43748
2.31963
0.549888
1.41836
-2.13334
0.252629
2.54962
-0.276977
0.583943
-0.37223
1.60947
2.35697
-0.371111
0.353825
-0.773118
0.161169
0.271879
-0.351714
1.12636
-1.76424
-1.02149
-0.802405
-3.37378
-0.373563
-0.387042
0.356723
-0.325232
-2.32434
-0.104489
-0.280878
-1.16353
3.15745
-0.775654
3.09392
-1.7846
-0.727775
-0.19143
-2.21194
1.25996
2.29959
-0.981979
1.62743
-0.965404
1.31418
1.32298
-2.14797
-0.403304
1.97687
-0.589528
0.363234
-0.702535
2.62979
-0.239541
1.70544
-0.0828873
-0.823633
-0.617209
1.22944
-1.74243
-2.27831
-0.550906
-0.402364
3.4248
2.20447
0.168334
0.0164057
0.399474
-2.32112
0.0709611
-0.539745
0.447308
-0.531875
-2.48368
-0.721956
1.09155
-0.740053
1.22651
-0.36125
-1.84201
-2.41938
-0.847043
0.998266
-1.88939
-0.444201
0.938221
0.303747
-1.52068
1.20668
-2.46481
2.88729
0.574662
-2.00567
-0.881068
1.94769
0.771748
0.0587628
-1.27496
-1.8948
0.859714
-0.528314
-0.445819
0.74549
-1.43876
-1.74915
-1.44102
-2.98391
-1.39077
-1.28272
0.957562
-0.129479
-0.397924
-0.0405821
0.356176
0.479186
0.155526
0.964946
-1.88473
-1.38529
0.19281
-0.435685
-1.08379
0.468331
-1.03719
0.133829
-1.615
0.947353
-2.1667
-1.94333
1.28264
1.51109
-1.6258
-1.80727
-0.480543
-1.19827
-3.25477
1.18524
-0.529327
-1.07955
-1.00349
2.23615
0.0770224
-1.04306
2.01258
-0.00503395
1.20413
-1.40384
0.215502
-0.687598
0.223001
1.21758
3.11847
-0.277795
0.657714
-1.5758
-1.25532
0.838407
1.12131
-0.805034
1.85176
1.23709
1.37632
-0.0464722
-1.22626
2.34539
-1.75148
-0.437589
-0.919845
-0.204771
-0.894684
2.72772
0.27012
-2.00315
0.724232
1.45995
1.13352
1.72087
0.772971
-0.761517
1.39482
0.117115
-1.23101
-0.475587
-0.9879
1.21607
-1.86093
-1.41194
0.139454
1.53763
0.338648
-1.59709
1.03237
1.136
1.71673
1.56887
-1.5289
-2.2567
-1.13254
-0.401782
0.290787
-0.0975297
-0.974094
-1.67804
1.89889
0.908149
0.48926
2.47146
-0.24016
-0.124026
1.60589
2.35688
-0.863278
0.990659
-1.84457
0.315663
0.175323
1.27577
-0.932752
-0.455028
0.290826
1.5698
-0.0552912
0.295287
-0.298348
-1.67231
0.235972
-0.290536
-0.587179
0.770175
-0.181218
-0.354024
-0.0684477
-2.11102
-1.05918
0.548786
0.446474
-1.23249
2.74714
1.13849
-0.163424
-1.37892
0.2277
1.3927
-0.31897
-1.43884
-0.679486
-2.02752
-0.366511
-0.254871
-0.509654
-0.451251
3.24093
-0.28743
1.55934
0.643573
-0.279695
-1.69662
-1.32408
2.16542
1.16089
1.26784
-2.4732
-1.21168
-3.16636
-0.0397232
-1.25648
0.889576
1.27269
-0.541207
0.938233
2.2166
-3.32719
-0.0197863
0.838033
-1.34319
2.0913
0.193428
-0.732343
-2.14647
-0.203689
0.62168
1.87575
2.15938
-0.140071
1.48372
0.760361
-3.10721
-0.654763
0.830643
1.98082
-0.143977
1.16744
-0.809397
0.225
1.43218
2.4961
1.82846
0.152359
-2.70535
1.12953
-0.947297
-1.01077
-2.54314
0.833861
3.17052
-1.10187
-0.0299407
-1.72614
-0.753014
-0.115137
-1.26678
0.444653
-0.152036
0.950711
2.2003
1.00215
0.700905
-0.34718
-0.577283
-0.18969
1.6528
-0.581542
-1.47691
0.153658
-0.938476
-0.637162
-1.32993
-1.3096
2.26723
1.28356
0.636981
3.30312
-1.08541
-1.02624
1.46306
2.43
-0.776733
0.585693
-2.30335
-0.159266
5.1079
0.626824
-0.036724
0.927775
-0.0580764
1.04207
0.907733
-1.64574
0.970702
-1.6189
0.205239
1.81295
0.272519
1.54721
2.02023
-0.00640544
1.0437
-0.788971
3.98934
0.737403
-1.1525
0.25666
-1.30854
-0.260851
0.932243
0.890057
-0.977846
-0.302896
0.018759
-1.17182
0.801213
1.22574
1.17462
-1.76243
1.49218
-1.24943
1.74638
2.5494
1.24772
4.32636
-0.031729
-1.10444
-0.645469
-0.75199
-3.32578
-1.47813
-0.94881
1.25816
-0.140585
0.210912
0.684117
-0.356273
-0.939054
-0.65324
0.8297
-0.687718
2.37997
-1.35791
0.692632
2.05184
3.63316
0.674984
0.385137
-1.54176
-2.224
3.06493
3.40639
0.759079
-0.154687
-0.275593
-2.5257
0.0567042
-2.58354
1.43524
-1.2836
-1.26569
1.31312
-0.910361
-2.08633
-3.16506
1.16518
0.0113337
1.41335
2.21488
-2.59329
0.879495
-2.84465
1.18908
-2.13744
0.567925
-0.480819
-2.50069
-0.326793
0.0170849
-1.00491
-0.0387413
2.90522
-0.295579
-1.76743
-1.16662
1.33172
1.61397
-0.136765
-0.938277
-1.40284
-2.81451
-0.980889
0.243141
-1.32879
0.0358389
-1.97028
1.98234
-2.33131
-0.303091
0.601992
-0.896792
-2.7548
0.127391
2.2151
0.489745
-1.45745
-0.0892726
-1.9594
-1.35637
1.71735
0.294015
0.999393
-0.871664
0.132817
1.63749
-0.0159376
1.92653
-2.26902
0.187917
0.397551
0.617487
0.617342
-0.296852
-0.567065
0.187539
-0.0771112
-2.18651
2.12573
0.257222
1.79525
0.727876
1.20464
-1.19173
0.503765
-1.3004
0.586732
0.391605
0.878687
-1.3808
2.71262
0.541697
1.25882
1.70442
-0.568582
-0.799988
0.192412
-1.82791
0.324657
1.10626
-0.870755
0.648487
-0.244102
-1.07188
-1.18667
0.265767
0.802376
-1.0221
1.83351
-1.54981
1.07263
0.526251
0.801137
-0.129578
-0.055627
0.612552
1.28438
3.85913
-0.557838
0.295672
-0.171703
0.378272
-3.42337
1.02511
-1.34366
1.05806
-1.26051
-2.60489
1.16552
1.94435
1.68186
-1.2138
-1.68153
0.19524
1.79656
0.15248
-0.673174
0.0147228
1.83382
0.287367
-3.15465
-3.62721
2.24674
-2.72092
-0.979468
-2.63145
-2.13554
1.88012
-3.36464
-0.443606
-1.80394
-1.82376
-0.740686
1.61866
-0.326877
1.25572
-2.06351
-0.980069
-0.794378
0.496118
-0.649118
0.14697
-2.44211
-1.15238
0.707105
-0.724419
-1.0881
1.67829
0.850893
2.13512
-1.85549
-1.79198
0.834882
0.539347
-1.09742
-1.27845
-0.569104
2.04999
-1.11524
-0.273463
0.603755
-2.46125
1.45394
-0.116529
1.26588
-1.02836
1.84559
0.896156
0.253058
0.518383
0.92803
-2.73579
1.34459
0.241497
1.58912
-0.51261
-0.512027
-1.60403
1.65866
0.761356
0.379712
1.02259
1.61462
-1.6409
-1.5103
1.79125
-0.0122035
1.36178
1.22493
1.30198
1.70424
-0.688483
-0.972225
-1.37731
-2.12067
-1.01359
1.54054
-1.37896
-1.62744
-0.422351
0.8898
-1.30401
0.579417
0.349185
0.0171324
-2.47681
1.90017
1.0823
-1.88443
-1.98211
-0.396345
1.9372
1.40478
2.80731
-0.389356
-0.516346
0.792328
-0.546169
-0.0443718
4.55975
-0.944414
0.1117
1.70581
-0.8401
-0.951671
0.999201
-1.70534
-1.15589
-0.850188
-0.379438
-0.95897
1.17553
1.67488
0.751668
-0.284782
-1.43603
-1.6294
1.89933
1.62374
-1.72924
-1.11764
-1.98702
0.367445
-1.31868
0.516923
-1.90675
0.0794101
4.88753
1.82399
-1.2037
0.170531
-0.519295
-1.96868
1.11002
1.66741
-2.47492
0.150297
0.541105
-2.78735
0.199928
1.06941
-1.01907
1.2845
-0.0327663
-0.972731
-2.06226
0.362784
-2.12661
3.44046
-0.136629
1.91479
1.16568
-1.1856
-0.677106
-0.593298
1.65734
1.67712
-0.253939
-0.916978
2.30649
-0.558101
-1.98351
1.2459
-3.93191
2.11173
0.863871
-1.31601
0.162408
0.736084
-1.52066
3.36685
-0.205113
0.0849728
1.44084
-2.89307
0.334987
-2.16485
-1.73941
-2.73052
0.526917
1.36519
-0.130404
-0.534269
-1.53563
2.63359
0.380787
-0.510351
-2.48834
2.09391
2.84056
-2.94369
-0.565311
-1.06039
2.18404
-0.194757
-2.18886
2.2494
0.0275513
0.330144
-2.00478
0.339743
0.032897
-0.960963
2.36628
2.85913
0.14294
1.072
0.543583
1.5367
-1.23677
-1.67202
0.240028
0.0173474
-1.10593
0.354714
-1.33443
-0.269148
1.11673
-0.151436
-1.00958
-0.681721
2.2388
-1.60245
0.232763
0.727885
1.37593
-0.653617
-2.66504
-0.089221
-0.440776
-1.11545
3.87083
0.354071
1.75237
-1.4095
-1.33816
0.235568
0.210325
0.910764
-0.672439
-0.394697
-1.08347
-0.833817
-0.0984482
-0.806777
-2.22028
0.282116
-0.230548
-2.36017
1.64855
-0.856599
2.15886
-0.292942
1.53648
1.65362
0.762698
-0.843057
0.701685
1.524
0.875486
1.12087
0.478962
-0.541355
-0.327098
-0.383087
-2.16959
-2.86428
3.70815
-0.391709
-1.12216
-2.68021
-1.16951
1.28604
-0.534143
-0.566771
-0.0603723
2.21553
-0.436273
0.561367
0.284395
0.292175
0.695535
-1.46533
-0.770194
0.12875
3.47854
-0.25784
-2.12216
1.44156
1.21777
1.05887
1.74441
-1.09554
2.92204
2.29069
1.39984
3.16348
2.60732
-2.25307
-0.721074
0.656357
0.974192
-0.820545
-1.24317
-1.82248
-0.815796
2.02701
-0.0943033
-0.438716
-2.11421
-0.0993672
0.412703
-2.14643
-2.17919
1.72265
2.50921
-0.688687
-2.6155
1.39307
2.63502
-1.25454
0.553498
2.97943
2.80397
1.15136
-1.21869
-0.487195
1.42494
-0.311814
0.0921183
-1.32401
2.82922
-3.60642
0.19234
-0.206967
-2.10262
0.60044
-1.0812
-0.0235437
1.25753
1.04892
0.272661
-0.67181
-1.28213
-1.18454
-0.897403
1.90434
3.79865
0.637225
2.30633
0.0637731
-2.32257
1.50638
-1.83301
-0.781204
-1.93217
-1.22281
2.10745
0.803257
-4.74444
-0.111075
-1.4559
2.34246
-1.55851
0.645212
1.66225
0.683967
-0.379998
-2.03661
-2.74257
0.420314
-1.84596
1.20148
0.292474
0.287082
2.69094
0.197507
-0.464791
-0.491302
1.35675
-0.319138
-1.16191
1.76602
-0.681995
1.16126
1.90818
1.9812
-1.8872
-3.12216
2.15266
1.48455
1.45272
-0.757786
1.14387
-0.00861138
0.269544
-0.270901
-0.266262
0.873839
-1.55119
-1.50933
0.80083
-1.6821
-0.607267
-1.44376
0.445424
-0.66692
2.85364
-0.286313
1.51236
-0.210185
0.93446
0.0634895
-0.259355
-0.921776
0.314901
1.88713
0.110808
-0.457788
-1.36666
-0.135453
1.39433
0.125111
1.45748
-2.22456
-1.7501
0.324145
-0.933041
0.942705
1.77786
-0.681848
0.167038
-0.628044
-2.16696
-1.17148
-0.214494
1.50502
-2.65123
1.09905
-1.83284
0.0529395
2.87568
-1.12844
-0.490414
-0.903474
1.71825
0.487512
1.10341
-2.34145
-1.90732
1.06918
1.86809
0.428022
0.215314
-0.288659
-1.23569
3.11802
0.44027
2.24988
-1.12104
3.93527
-0.850181
0.408189
-0.892118
1.04812
0.533408
2.40003
-0.253586
-0.768171
-0.0213786
0.300987
0.479991
1.21718
0.697528
-1.23039
0.479162
0.280881
1.23104
0.430134
-0.265027
0.519903
-1.92592
-2.26735
-0.878161
-0.322572
-0.0980544
-1.1785
-0.0744124
-0.600684
2.74005
-1.4786
-1.24572
0.135035
-1.90591
1.90921
1.0284
0.00406166
-0.133513
0.772985
0.610627
-1.11457
0.581857
-0.0235361
0.394614
-2.13191
0.300009
-0.785841
-1.52287
-1.01111
1.84624
-1.87616
-1.96953
0.56377
2.91177
-2.0855
-1.26699
-0.777942
0.28816
-0.762293
-0.763497
-0.160545
-0.409133
-1.71035
-0.614462
1.1295
0.868623
0.593308
0.424703
0.529727
-0.66079
1.34571
0.0684965
0.19069
1.34143
0.510176
2.09009
1.15184
0.426645
0.779914
2.99054
-0.37204
1.32062
-0.563325
2.86422
-1.01376
0.926035
-0.0322392
0.055894
2.99927
1.02684
2.96413
-0.465322
-0.28612
2.93188
-0.373171
1.43005
1.12068
2.92821
-3.95599
-0.428977
-0.764481
3.70245
-0.986924
0.539639
-1.35133
-0.411651
-0.755631
-0.582713
-2.74777
1.17363
0.271628
0.429101
0.0679454
1.82688
-0.16863
-0.0138664
-2.40788
-1.29266
1.54534
0.285267
0.755707
-0.046583
-0.500975
0.188397
-0.796936
-1.51665
0.249072
3.41311
1.28761
0.541653
1.96189
-0.625523
1.09573
-2.6445
0.445728
-2.93157
-0.850254
-2.28454
-0.100165
1.48946
-1.51848
1.0505
2.6255
0.736867
-0.132922
-0.904519
2.51323
-0.483826
1.02785
1.95393
0.0438134
-1.66959
0.715429
0.422891
0.817557
-0.61219
-0.384597
0.806381
-0.805931
-0.223395
1.46089
-0.595509
1.80266
-1.46041
-1.25902
-0.811022
-2.61017
-0.751065
-0.359882
-1.22922
1.03294
-1.30898
1.03698
-0.814935
-0.131786
1.8038
-0.291495
2.63729
0.234052
-0.415757
-0.400306
2.3956
-0.502123
-1.3174
-0.831881
0.632548
1.95019
-1.02858
2.42811
0.304552
1.85463
-1.51218
-0.848646
0.0928244
-2.46036
0.628755
2.0109
0.772074
0.199328
-1.50316
2.31313
1.46006
-0.960897
2.6717
1.63075
0.0199523
2.83189
-1.52343
-1.20848
-1.1538
-1.61845
-0.527442
-1.06677
2.30573
-1.44343
0.484627
-0.563681
-2.2513
-2.06218
-0.685598
-0.330681
0.441161
1.56949
-0.827112
-2.71
1.80029
1.30554
0.175783
0.575319
-1.44565
-0.337374
0.394988
-1.42481
-2.68614
-1.23247
-3.35572
0.134115
-0.202864
-0.872116
-2.65398
-2.32445
0.902422
-0.486197
1.57456
-1.11272
-3.29787
1.51672
1.72673
-0.589382
-1.72071
-0.701984
4.40265
-1.33434
-0.524079
-0.291013
-2.43501
0.262203
-1.7925
1.55195
-0.770307
-1.11908
2.46801
-1.10526
-1.57224
-0.861963
-0.40332
-1.2029
-0.723424
1.10139
0.253616
-1.68884
-1.34831
-0.0804804
-0.550938
-1.29226
-0.592716
-1.16014
0.717272
-0.306984
2.7366
2.90492
-0.0413656
0.46382
2.41024
-0.866018
-0.484857
-0.891858
0.869939
-0.582987
0.267311
1.53677
0.549562
1.62156
0.385971
1.47837
1.74468
-0.714546
2.33674
-0.945315
1.61053
5.23423
-1.44013
-0.073996
-1.3087
1.86531
0.214866
1.14305
-1.30974
1.28333
0.9471
-0.962567
0.00218894
2.76645
1.29043
-0.0813162
2.32129
-0.359935
0.592461
3.2881
2.00929
-0.118644
-1.99592
-1.57626
2.43184
-1.10567
0.348479
-0.953475
-0.906697
0.549484
0.299185
1.90506
-0.869661
1.31932
0.457664
-0.203276
0.202046
0.261136
3.52364
-0.690675
1.96962
0.0939446
-0.174684
-1.22492
0.554264
-0.0314097
1.08286
0.537441
0.783922
-1.40297
-0.643505
-1.85266
-0.037438
-0.068421
2.4147
0.387557
1.01635
0.653519
0.22829
1.96092
2.12774
-1.26469
2.0115
-0.318869
-0.772693
0.331902
-2.10179
-2.19603
-0.302888
0.486273
0.139056
0.938778
-2.24425
1.51154
-1.05892
1.22552
-0.293461
-0.0235775
2.6042
2.13232
0.229028
-0.734369
0.0982614
0.0700748
0.0646866
1.87495
-1.3193
-0.164758
0.8324
1.71131
0.252811
-0.177223
-1.61307
1.7073
0.482284
-0.331083
-0.594692
-2.135
-0.136745
-0.774552
-0.166676
-0.268175
0.87801
1.56279
-1.26807
1.04506
0.144822
2.41265
1.49335
1.44514
-0.112664
0.429725
0.963126
2.33136
2.90903
0.369458
-0.456091
2.3222
1.02649
-3.53717
-1.02608
0.86303
2.72871
0.786937
0.570548
-1.14582
-1.15809
-2.20405
0.702012
-1.2579
0.440385
-0.0600898
1.45916
1.99038
0.819888
0.111534
1.96462
2.44861
-1.61677
0.992749
-2.02163
-2.00089
0.335508
2.17723
2.19775
-1.36178
1.39812
0.0453443
-1.63985
-1.0974
2.68571
0.350965
-2.79016
-0.0769025
0.406387
0.149
0.372974
-1.08258
0.532344
0.452351
-1.08251
-1.75385
1.90809
2.21609
-0.377121
-3.17568
0.30726
-1.51721
1.01197
1.68737
1.12134
-2.55269
-1.48495
-0.294963
-1.68221
-2.10825
-2.13424
-0.0618374
-0.613973
0.95314
-1.34947
-2.69947
-2.80858
-0.689333
0.697151
0.623108
-1.40303
0.15825
0.256031
4.08254
-0.392562
-1.31941
0.577332
-1.19343
3.9071
-0.343177
-1.16468
1.9171
-0.395664
-2.01707
1.14766
-1.70375
-2.36488
1.39351
1.3049
1.26646
0.884178
0.14068
0.245469
-0.708852
0.819644
-0.361061
0.665589
-0.971968
0.101357
-0.45545
1.5431
-1.48915
-1.77414
2.86956
-0.847801
-0.613776
-0.91672
0.242455
-2.73962
-1.01912
-0.973503
-3.62535
0.878972
-1.30241
-1.41816
0.785825
-1.1355
-0.902823
0.00492157
0.205036
1.0735
0.258792
-0.0206391
0.362576
-1.63447
0.342492
-0.584163
-1.45771
0.216627
-1.26693
0.480704
-1.42108
-0.316038
0.749215
-0.63558
-1.85601
0.964454
2.32223
-0.628011
1.44117
-1.20222
-0.437829
0.355305
-0.348386
-0.116729
-1.95577
0.262551
2.48949
-0.421315
-2.28427
-2.17682
-1.14331
-2.11087
0.270541
1.52226
0.509347
-1.84622
-1.17139
-2.40511
-0.415887
0.678333
-0.824906
0.0666202
-0.888438
-0.0697653
0.58124
1.57424
-0.069538
-0.31284
0.212354
1.77358
-3.39738
-1.76858
-2.64856
-0.0848672
2.14507
-1.55589
0.152039
-0.674034
-2.17871
0.221588
0.614109
0.785055
2.05289
-0.806017
-0.0151093
1.58897
-0.331766
0.0315637
-1.90982
0.843855
2.08013
-0.728129
0.769201
0.112716
-0.48202
0.781335
-0.0851103
-0.622693
0.440754
2.03491
1.79885
-1.65702
-0.187409
1.35397
0.631743
-1.29491
1.39142
1.37214
-0.115326
-0.860511
0.275923
-2.13734
-1.44057
-2.02219
-0.69835
-0.379201
-0.200165
-0.540467
1.03808
0.112751
-0.343484
-0.97266
1.46483
2.20254
0.620949
0.128306
-1.78931
0.717222
0.222652
0.786055
-0.700236
0.899141
-2.04008
-1.89911
-0.283668
-1.68228
-0.99651
0.382717
-0.521342
-0.889535
1.63046
-0.320059
-0.968293
-1.04603
-0.631769
-1.08173
1.4332
1.11477
-0.469968
1.22856
-0.178404
1.32568
-2.11582
1.24616
-2.39145
2.12679
2.16548
-0.509396
1.37388
-0.757688
-1.24577
0.0547187
-1.94033
-0.0203675
0.763086
-0.941174
2.14258
-0.0734344
0.0253666
-2.5838
1.30444
0.650453
0.0269424
0.629593
-1.84132
0.652266
-1.40841
-0.965068
-1.04932
1.91321
1.32781
0.1293
-1.12352
-0.0963209
0.0703108
-0.166653
-0.281094
-1.09106
-0.22405
0.193392
-0.798289
1.936
-0.315669
-0.645136
1.57664
-2.15443
1.44683
0.627324
-0.547646
-0.535713
0.118963
-1.34186
-0.391638
0.544973
-1.21187
-0.996763
1.18909
-0.915754
1.94317
-1.7533
1.45663
-1.35513
-1.82928
1.81695
-0.845488
1.42612
0.318719
-0.268899
3.06309
0.789813
-3.11988
2.03667
-0.600245
-1.77331
0.232053
-2.56896
0.114212
-2.88278
-2.08232
1.2511
0.916209
-2.113
0.193884
-0.298916
-0.69471
-0.899894
-0.151523
-0.452097
-2.63402
0.112226
-0.665725
-0.971235
0.881365
-0.467917
-0.600616
-1.18572
2.38567
-0.0188358
0.74538
-1.75422
0.0433019
0.762011
-0.938684
0.793974
-2.49996
0.759688
1.02281
-0.753148
0.701097
0.723039
1.32512
0.178812
-1.62147
0.507065
0.401207
2.53865
1.53272
-0.804456
-0.0810106
-1.27317
-1.38799
0.435308
-0.0886503
3.09712
2.39993
1.03006
0.947865
0.158338
-2.38821
-0.623102
-0.948898
0.0892391
2.56099
-2.16595
-1.60586
0.0477122
1.35661
0.622011
-0.50058
-0.354631
-1.41917
-0.518708
-1.39228
0.474445
1.43468
1.73415
-2.62958
1.1575
0.0903266
0.918142
0.416761
0.274853
-1.76887
-0.867095
-0.0454942
0.717705
0.102546
0.287168
-1.24006
-0.517769
0.713335
0.346389
0.346485
-0.152724
0.376338
0.397313
1.18485
-0.436175
-3.16454
3.02083
-1.55084
-0.441545
0.012291
0.44032
-0.00593502
-1.02369
-0.673257
-1.41417
-1.37044
1.03756
-0.578939
0.702961
1.37263
1.6041
0.655719
0.19051
1.90875
-0.116913
1.1123
0.0450594
0.111565
-0.936097
-2.7784
-0.291493
0.0210318
1.49999
-0.43844
-0.17367
-1.7652
1.15229
2.93175
1.64962
-0.0911494
-2.43911
-0.571611
-0.775784
-1.33739
-0.59571
-1.20861
2.33598
-0.991261
1.20031
2.1542
1.42344
1.42949
1.03401
0.953655
1.09229
0.00120399
-2.58367
-0.751262
-0.306859
2.52574
0.525346
-2.46011
0.512759
-2.36169
1.37709
-1.52134
0.416947
-1.13883
2.88344
0.252662
-0.453335
2.00228
3.017
0.618688
-0.302281
0.679628
0.347076
1.24454
2.34277
-1.18922
0.281076
-1.17176
-0.508546
3.95538
-2.11343
-0.926688
0.862918
0.36292
-0.630688
-2.01491
-4.08879
1.36671
1.35445
2.40412
-0.151809
0.0600579
1.87743
-0.884363
0.548079
-0.0264042
2.05789
-0.72926
-1.29437
2.05636
0.966956
1.08285
0.297397
0.677243
0.717425
-0.970025
3.20299
0.148967
-1.19238
-0.45038
0.301161
1.13131
0.823711
-1.24881
-0.251699
2.58645
0.0221793
1.28354
-0.340427
-0.55414
2.22761
-1.73508
-1.19619
1.80907
-1.21641
-1.11604
-0.680717
-1.30976
0.890808
0.268885
-0.213649
-0.953129
0.668424
0.220869
0.305792
2.70426
0.610174
-0.0252163
0.27624
-1.84403
1.67846
1.34444
-0.199295
0.674356
-2.85784
-0.755259
0.416303
0.0612553
-0.0343319
-2.5277
0.294622
-0.508475
0.594081
0.840247
-0.892501
1.77585
1.0487
0.786351
0.428455
-0.406905
-0.783452
0.445082
-1.02293
0.484921
-1.01113
-0.848332
0.461772
0.369344
1.5374
0.648555
3.21346
2.14166
0.28222
-0.520623
-0.379086
-1.24659
-1.94273
-2.91763
-0.579466
-0.669653
1.21148
-1.52794
0.179313
-0.906474
0.876149
-0.087257
-0.535959
0.728287
-2.05827
0.0102235
-0.842271
0.962711
1.21624
2.02227
-3.08765
0.608437
-0.0869279
-1.30022
0.948494
-0.28113
0.450269
-0.765461
-0.0455991
1.15304
0.442044
-1.04072
0.076811
-0.616848
-1.87609
-1.74636
0.812597
-0.444954
1.5436
-1.41888
0.964309
1.67809
0.386376
1.32321
0.828099
-0.628713
-1.34055
0.859889
-0.95695
1.4532
-1.0587
1.25336
0.0232164
-2.01381
-0.853397
1.48194
-0.94712
0.170307
0.432485
-0.36402
1.85569
1.08681
-1.67678
-0.670264
-0.601004
1.32049
-0.711298
-0.692271
-0.225672
0.69004
-0.576878
0.241235
0.0212349
1.91035
-0.105934
-0.189288
-0.812532
0.85701
0.173732
-0.451524
-1.42876
-0.175341
-0.172425
0.32327
0.596582
2.02901
-0.233459
-1.81036
-0.834494
-1.1625
2.12547
1.65168
0.728164
-0.819879
-0.794032
-2.8457
0.0400642
-0.695812
0.434251
0.916163
0.326431
-0.632975
0.0274471
0.62387
0.279134
-0.705322
0.625549
3.00077
-1.71056
-0.510288
-0.768052
0.978611
-0.394375
1.78104
-0.257397
-2.3449
-0.705301
-0.800751
0.403612
1.08444
-0.876609
-0.207002
-1.27049
-1.11867
0.740214
2.58803
-1.11245
-1.2459
1.28614
-0.712643
0.13535
-0.462382
-1.23552
-0.255181
0.202921
0.112042
2.68777
1.62462
0.178125
-2.8337
1.76737
-2.45967
1.01921
-2.02671
0.519193
1.48136
0.467259
2.49922
1.54423
-2.08844
2.14027
1.34252
-0.980042
-3.05594
3.10922
-1.17026
1.18131
-0.181642
-0.676787
0.975929
0.412909
1.91316
0.612263
-1.96947
2.04963
1.81142
-0.623955
1.28626
0.397224
1.19469
2.20266
-0.239861
3.49241
1.57234
1.14578
-1.5462
0.00446796
-1.24861
0.833919
0.687387
1.18968
-2.28822
-0.449142
-3.9315
1.9862
-0.223789
2.0139
0.577117
-0.102514
2.3654
1.13769
0.0277153
-1.10957
-1.58249
-0.804401
-0.373028
0.242864
-0.668562
-0.0687482
-1.41066
0.137303
-0.917304
0.96089
1.54111
0.0842341
-1.69232
0.0564637
-0.628684
-1.3774
2.05919
1.26413
1.17886
1.35705
0.838069
0.172887
0.11522
-3.13776
-1.98738
1.43075
1.18736
-1.03943
0.821723
-1.6624
2.80398
2.76156
-0.412509
-0.507881
1.03232
0.622661
-0.748811
1.75805
1.39597
1.42369
1.62657
2.49049
0.332072
0.904755
0.544206
0.916713
2.02687
1.45445
-3.34408
-2.34628
1.30651
-0.878766
-0.523858
1.32114
-0.264806
0.121467
-0.583569
1.06884
-0.591837
-0.115441
1.01727
-0.883595
0.240137
-1.34396
-1.79185
0.141798
-1.18477
-0.0306672
-1.988
-1.21962
0.337364
-0.840769
-2.12855
-2.46069
-0.0920028
-1.06198
1.09998
0.923932
0.163494
-1.14657
-0.508365
-1.77852
-2.18452
0.86233
-1.17916
-1.44364
-0.949557
1.82569
0.0571697
2.76409
-0.540315
-0.55415
3.13548
-0.679292
-1.07177
-1.88776
-0.511075
1.00338
0.497972
0.224597
1.23915
-0.727635
-0.196128
-1.96032
0.955424
-0.59429
-0.676041
-0.868721
-1.04273
0.242549
-1.73285
1.33594
0.387092
0.416516
-0.0860603
2.33822
2.29281
0.956734
-0.969295
-0.52446
2.44892
-1.16398
-2.77449
0.433182
-0.425029
1.06777
0.113314
-1.66152
0.883039
0.400203
-0.13156
-0.800675
2.13176
0.101174
0.781705
-0.466593
1.30133
1.10564
-0.491784
-1.80637
-1.05591
-1.54089
0.154819
-3.62366
-1.08587
-1.47478
0.816617
0.0185111
-1.50216
1.21852
0.364444
0.374473
0.877983
-0.133391
-0.165071
-0.75615
2.49729
0.293849
0.507909
-0.506248
-0.274832
2.98715
0.44864
-0.708582
-1.97844
-0.360353
-0.933754
1.1516
1.38446
0.34153
0.17795
0.767267
-2.05481
0.19599
-2.22713
-2.39413
0.325237
-0.343796
0.318685
-0.153013
1.29154
0.633175
1.67176
1.99149
1.54003
-0.615784
2.04858
1.01287
-0.392943
0.563867
2.36016
1.7799
0.567883
-1.74554
1.39974
1.40621
-3.27713
-1.85451
-1.96261
2.64035
2.61715
-1.41176
-2.70121
0.0836626
0.743473
0.904112
-1.12678
-1.19409
-0.714062
0.48883
-1.05184
-0.253569
1.76151
-0.121252
-1.46072
0.115281
3.06674
-1.3893
-0.525462
1.69037
0.0437339
1.87854
-1.81414
1.84106
-0.402581
0.706835
-1.28418
0.273774
-2.63748
-0.642603
1.72632
1.37078
-2.05111
0.0272973
-0.53323
0.152749
0.249805
1.46856
-1.92129
-0.35068
-1.68291
-1.91799
0.0801722
-1.73675
0.647451
-4.03688
-0.0195237
0.683369
2.43706
-0.77559
0.739491
-1.8707
1.46641
0.108
1.07098
0.845028
-1.54975
0.558498
-2.5614
1.28865
-0.0727121
0.331005
-0.599041
1.13118
1.39145
-2.01852
-1.12412
-1.33861
-1.0363
0.429285
0.497929
0.826287
-0.41012
0.233045
-0.319835
1.688
-1.12613
1.04769
0.300991
-2.28237
-0.670081
-2.0386
0.650784
-1.03657
-4.63691
-1.45871
0.733
0.00336799
-0.361222
-0.706153
-3.92856
-0.887392
-0.514699
-2.43084
1.44556
-0.378915
0.983687
-0.0595641
-0.942683
1.76956
-0.739792
1.20842
0.322319
-1.24992
-1.17115
-0.951045
1.22166
0.895909
-0.803697
0.518628
1.6749
1.33556
1.20331
0.549003
-1.40911
0.718945
0.999138
0.140846
-1.37649
1.10173
2.26908
0.595041
1.06354
0.300345
0.344188
1.40678
1.32776
0.715958
2.36587
0.233733
1.16616
0.631325
0.676107
1.47848
-1.33156
-2.52517
-1.07227
-1.96297
0.212689
2.13823
1.0397
0.803803
1.99088
-2.4027
1.63735
-1.01301
0.4731
-0.0832481
-0.469918
-0.892117
0.163375
-1.78033
-1.18012
-1.4313
0.31836
-0.385154
-1.12835
3.18979
-1.75808
-1.28261
0.884255
-1.6596
-2.39212
0.881373
-0.018593
-0.466764
-2.0812
0.666559
-2.44095
-1.13658
-1.15744
-2.18326
0.566084
2.9625
-2.12053
-2.11302
-0.231036
-0.526115
1.05353
-0.578879
0.0766336
-0.0883029
0.0509023
2.58134
0.90564
-1.8442
-0.453347
0.472837
-0.808258
-1.78196
-1.57396
-0.849396
-1.95025
-0.169396
2.11976
-2.99018
-0.514448
-0.19163
-0.165728
0.146474
1.63387
0.621456
0.622663
2.29495
0.425905
-0.627587
2.56946
-1.55598
-1.12211
0.19284
-1.28704
-0.447977
0.675378
-1.45456
-1.17061
1.36794
2.21741
-1.68117
-1.48724
-1.29959
1.74722
0.420778
-1.33925
0.896661
0.188529
1.77091
-0.321261
-0.58569
0.470956
1.43351
0.454367
-0.562066
-0.959261
-0.991289
-1.60466
0.689544
0.0247009
3.04356
-0.332298
-0.0566029
-1.0476
0.350791
-0.251525
0.580787
-2.10125
-0.921778
-1.16782
2.72387
1.62752
-0.178502
-1.80117
-1.86898
-2.09154
0.194816
1.91266
0.965117
0.731924
-0.53577
-0.263377
-0.136514
0.855384
-0.405584
-0.685773
1.74766
1.02232
0.0230436
-0.129014
-0.709153
2.79109
-0.994235
0.380012
3.36548
-0.0138128
1.33978
-1.57445
-0.254501
0.514532
0.345687
0.428435
-1.24928
-1.45943
-1.17372
1.19421
1.1638
0.789315
-2.37876
0.190156
1.17288
-2.15191
-0.704382
0.159085
-2.60898
-0.0931975
0.680912
-0.41653
1.46287
-1.40703
-1.87651
1.18347
-0.2314
-1.1475
0.278771
1.27906
1.06981
-1.11649
-0.841096
0.629138
0.706035
-0.978393
0.550303
1.66704
-1.58353
0.259938
-0.953439
0.179711
-0.916755
0.338671
1.09896
-0.708325
-1.06039
2.45693
-0.24797
2.05977
-0.954915
2.05344
-2.58215
1.16116
-0.970024
-0.0929853
-1.37673
-0.0592921
-0.766657
0.5607
1.10935
-0.746668
0.824859
1.352
-0.761205
0.706314
-0.475601
-1.26765
-1.31495
-0.18552
-1.24607
-0.566093
0.971373
0.0858839
2.07442
-0.0365953
1.46749
0.677293
-0.614061
-1.10804
1.33246
-0.900999
-0.979944
5.613e-06
0.329167
-0.512435
1.59311
0.75611
2.82683
3.02721
-1.25415
-1.26705
2.66799
0.422266
0.0349505
1.4572
0.151963
-1.3552
0.567765
0.2949
0.836651
0.424335
-0.695151
2.08425
-0.879917
-0.0901366
0.0713
1.981
-1.81426
0.853094
0.525767
-0.948349
-0.268086
0.943722
-4.7637
-1.0705
1.46882
-2.92163
-2.18503
0.817549
-2.86606
0.491629
0.188725
-0.218871
-2.014
0.533584
-1.21916
0.628653
0.793414
1.99781
0.94952
-0.154954
-0.190667
-0.458963
-0.658785
2.06039
-0.916558
-0.549408
-1.25537
1.87254
-0.464979
-0.60514
-0.955027
-1.8044
-2.64409
1.51899
1.74886
0.555392
0.511619
0.618051
-0.210631
0.543091
0.448683
0.11695
-0.883204
0.495694
-1.19174
-0.715656
1.58371
1.57478
-1.87647
-0.898045
-0.756903
-0.76851
-2.46979
-1.13517
-1.51453
0.627403
0.28861
0.0225024
2.14269
-1.3625
-1.88194
-2.69096
-0.261992
-0.0491715
1.80782
-1.80373
1.89145
-0.687215
-0.259557
1.11517
0.162236
-0.634548
-0.631051
-1.16407
2.46019
-1.84303
-0.00313816
0.216823
-3.96258
-2.4708
1.70771
-0.695266
2.49491
0.0343828
-1.59755
1.41966
0.172967
-0.0266042
1.55475
0.0450306
1.72851
-0.13786
-0.00946701
2.53131
-0.53419
-0.819956
2.00477
1.47458
2.38111
-0.927342
-0.853482
-2.86486
-1.36656
1.12981
-0.688887
0.773035
1.14811
1.35277
1.34804
1.10798
0.345227
1.12219
-0.281034
-1.57158
-0.633859
1.98718
-0.912936
2.31857
2.29481
4.27026
-0.687147
-1.02231
-4.52911
1.22492
1.03944
-1.74933
-2.10696
5.60984
0.190924
-1.88451
0.500222
1.76745
0.266631
0.663461
-0.716662
1.77416
-2.45973
1.35523
-1.35805
-0.864668
-0.211407
-3.57611
-0.922015
-2.00527
-0.98625
0.0842723
2.17522
-0.432816
2.5357
3.23932
1.55747
-0.955981
-1.09237
-1.22549
-1.86906
1.09604
-0.636041
0.00305985
-1.38917
0.982176
-1.38734
-2.39099
-1.81736
-1.84869
1.722
1.82193
-2.13299
-0.132626
-0.295395
0.0961483
0.579658
-2.44226
2.05083
-0.0856739
-0.803913
1.15444
-1.17023
-0.72998
-0.77525
-0.753344
0.771716
0.25093
-0.00434126
-0.157297
1.52465
1.25227
-0.583994
-1.16821
-0.863221
1.57561
-1.21762
1.87126
0.0934712
0.39105
1.03989
-0.557789
1.99908
-2.37141
-0.305384
-0.418784
0.384526
0.982525
0.125059
0.0782829
-1.90902
1.96122
-0.620064
-1.57324
-1.51257
-0.904485
0.549179
0.597413
0.635902
0.500662
0.477655
-1.41825
0.326082
-0.0829455
-2.70493
-1.6262
2.30208
-0.664043
0.745564
-0.608045
-1.77818
0.376122
-1.05752
1.83297
-0.895103
-0.982011
-1.45216
-0.948893
0.284233
-1.28698
-2.58282
-1.42208
-1.83648
2.62509
-0.987357
-1.30263
0.0436816
-0.387008
-0.0499035
-1.53211
1.17564
1.52261
-3.48173
1.32198
2.22401
0.610164
0.108153
0.442604
1.21743
-2.03478
-3.36088
-0.842634
0.358225
0.803025
-0.173736
-1.73914
-1.01187
2.44547
0.789434
1.01889
-0.21846
3.26762
-0.2713
-0.233289
0.448808
-0.495225
-0.624818
-0.890378
0.769815
0.31127
0.388877
1.21405
1.2874
1.79703
-0.773414
-0.0710227
1.06597
2.61644
1.93187
0.0190921
-1.3768
-1.24656
0.241893
0.0558987
-1.6698
-2.21871
-2.31984
-0.746535
0.814989
-2.16406
-1.97752
-1.04919
0.803318
1.23343
-1.73348
-0.799025
-2.88307
0.54227
-1.36431
2.16093
1.2423
-0.668343
-1.986
0.147186
0.749906
-0.771736
-2.43408
2.25737
0.08345
-2.28966
2.12357
0.887437
0.753036
2.00913
2.26446
0.566693
0.918968
0.428375
-0.121017
1.3127
-0.682603
-0.0548913
1.34394
-2.31994
-0.264057
1.67714
0.0262299
1.22823
0.323375
-1.91838
-0.872586
-2.36587
-1.49255
2.26289
0.155585
-1.75208
0.333471
0.127763
0.444183
-1.20178
-3.00856
1.32485
-0.696984
-0.0881033
0.983017
-0.740053
-0.116474
-0.455021
-1.22798
-0.895449
-0.072924
-0.977541
0.835656
-0.497685
-0.185952
0.35146
1.08168
-2.00226
-0.75964
2.08011
-1.2057
1.2123
-0.651113
-0.885001
-0.0335041
-0.728443
1.48813
-2.02396
-2.58485
-0.0280632
-0.499441
1.81961
-1.28056
-0.519836
0.0946688
1.23149
1.15797
0.688786
-0.893522
1.23706
0.733088
-0.22595
-0.754739
1.3382
0.238326
-1.64172
0.232609
-0.152204
2.02509
1.00057
-1.04852
-2.77439
-1.50845
-1.67331
1.41919
0.162985
0.335232
0.289443
-0.0316608
1.63661
0.495691
-0.369149
0.135852
-0.286177
-1.0759
0.287294
2.62321
3.1355
-0.0638118
0.357538
0.831073
0.768895
2.30256
-0.648178
-0.048163
-1.91252
2.53665
-2.41023
-0.0383383
-1.41697
1.06974
1.05707
0.527864
1.52738
1.18479
0.751057
0.0240142
-0.988107
0.164705
0.519691
-1.80204
-2.78952
2.72616
2.53317
-0.323265
-0.5608
0.51604
1.21246
-0.853937
1.58026
-1.17018
1.41267
0.938254
0.330865
-0.191898
0.760564
0.180298
-0.760448
0.437158
1.92284
-0.660243
1.27533
-1.01051
3.29177
-1.74064
0.326066
1.3778
-0.406747
2.44011
3.64625
-0.875709
-1.2007
0.892759
-1.86606
0.749849
-0.380109
0.27513
0.433486
0.450733
-2.51058
1.3211
-1.7534
0.225832
1.58878
-0.500018
1.05005
-1.00094
2.81285
1.5442
0.47521
2.74248
0.501184
0.739422
1.9352
-0.0455855
-1.66633
1.81772
-1.59219
1.10041
-1.0874
1.0716
-0.370619
-0.0102417
-0.350765
1.22245
0.389124
-1.10479
-1.91559
0.611477
-1.71982
0.0877645
-0.813434
0.0634526
1.46036
-1.52442
1.37634
1.10681
-0.791724
0.817752
2.08249
-0.188878
-4.21775
-0.188987
-2.08178
0.584029
-1.82847
0.321799
1.43813
0.729032
-1.65849
0.562891
1.30598
-1.37833
-1.58144
2.44463
-1.0536
-0.792476
-1.32932
0.027753
2.49334
-3.29589
-0.204584
0.564914
-0.361834
0.0559447
-1.9199
0.777708
-1.19208
0.813449
1.15787
-0.248326
-1.29967
-2.08637
-1.35916
3.12346
-1.15532
-0.694952
-1.94174
-2.61084
-0.959646
1.16376
0.695718
1.62774
0.0812283
-0.532386
-0.665386
0.19855
1.89968
0.64144
1.89123
1.41044
2.78788
1.4877
1.72468
0.667699
-0.695562
-1.82239
-1.38364
-1.26329
0.0223656
-0.753616
0.874156
-0.411584
1.68527
0.924739
1.93891
-1.33647
-1.88659
0.897713
-0.220541
-3.50317
-0.950027
0.999723
-0.147521
-0.903631
0.83692
2.40228
0.685807
-1.66035
1.04433
1.3925
0.379248
2.94477
0.471443
0.216111
-1.18543
-1.95211
-0.501538
-0.852988
1.16261
1.47235
-1.06192
2.10726
-0.166788
0.784019
-0.0588992
2.25836
0.893416
0.543294
-0.157906
-0.321635
-1.09776
-0.418409
-0.540366
-0.812548
-1.26986
1.30286
-1.04543
0.847658
2.67706
-1.20574
-1.32813
-1.49161
-1.79689
0.895386
1.61757
-1.63968
-0.210545
-0.2735
2.15376
0.185927
1.18677
-0.80409
2.72976
-2.15137
0.761045
-1.64509
-0.213396
0.692606
-1.74808
2.27203
-2.83205
1.77009
1.49277
-0.155837
0.893353
0.103506
-0.626777
0.697157
-0.596555
1.58311
-1.1057
1.32324
-0.182631
1.46463
-0.405662
-0.902504
0.484371
-0.656254
-1.18017
-1.69395
0.0643974
-0.816023
-0.454325
0.981099
0.494049
3.31261
0.566734
1.4712
0.258076
1.78
-0.668498
-1.71459
1.38173
-2.46531
-1.95982
0.668329
-0.812236
0.760804
0.406731
0.289377
-0.127604
-2.07726
-2.17285
-1.51236
-0.530094
-0.138391
-0.0360332
0.0592286
0.807618
0.527385
-0.287122
0.766308
-0.208688
0.819456
1.47086
-1.2223
-0.18482
-2.67846
-0.621619
0.0987253
0.752365
0.40115
3.07648
1.50533
1.30739
-1.35418
-3.15134
-0.322202
-0.131601
0.670143
-0.632004
-0.420052
1.86166
-0.465398
1.71361
3.13061
-0.208317
-2.45383
0.32344
-0.702243
-0.0941876
0.229831
-0.0862126
2.24963
-1.14513
0.897559
-0.124081
-0.831524
0.21844
0.803757
-0.114603
-1.28325
-0.755701
-1.19036
0.796331
-2.10858
-1.91757
-1.8062
-0.712271
-2.38214
1.0695
2.66484
-0.311847
1.21254
2.27106
1.33204
-1.03206
-2.21032
-0.965383
2.57478
0.935531
-0.506165
3.13475
1.18079
-1.80614
0.717628
1.28679
0.799437
0.376721
-8.21616e-05
0.277834
-1.18549
-1.92894
-1.83787
-1.39131
1.57773
2.25082
-0.0781281
1.71634
-1.12262
-1.27318
-0.399934
0.848935
-0.39876
-0.802494
-0.32953
-0.729988
-0.199249
-0.546257
0.473846
-2.04682
3.1139
0.735607
0.375166
1.09093
-0.00899513
0.309871
1.22422
-0.00421964
-2.24838
-1.19988
0.416966
1.77167
-0.976766
-0.569857
-2.40767
-0.187273
0.965826
0.3441
-0.278426
0.287405
0.452516
-0.167571
-0.33899
0.20435
0.896869
0.332102
0.281774
1.63927
-1.25147
-2.11978
0.143068
-1.09948
1.26969
-2.14902
-0.860814
1.89789
1.91004
1.24603
1.00676
0.358167
-1.05322
-1.50902
-1.30123
-0.474822
0.298542
-2.86978
0.54844
-0.932354
-1.08064
-3.88132
2.87357
-0.469618
2.19489
1.70537
2.05366
2.02648
-0.108003
-1.15026
-1.68591
0.587575
-0.349304
2.54082
1.29023
0.503602
-1.85719
-0.00242401
1.89753
3.49723
2.36604
-1.59864
-1.91689
-0.134252
0.322272
-1.47669
1.70173
-1.76215
-0.396776
0.132043
-3.22404
0.486479
0.114699
-0.804641
-1.13711
0.288428
0.720233
0.521883
-1.52008
-0.584899
-0.360342
0.704093
-0.178546
-2.9466
1.1313
-1.53678
-1.73903
-0.774305
-0.895657
1.40285
1.74411
-0.298747
0.981352
2.05863
-2.01352
-0.546896
0.659283
-1.01827
1.19364
0.655043
-0.649572
0.174737
1.59219
0.444331
0.625555
2.78977
-1.13357
-0.0587966
0.121376
0.223535
1.68148
-0.850005
-1.93993
1.14365
-0.315927
-1.63779
0.00380108
0.697658
-0.664046
-1.02752
-3.06926
1.38474
-0.042342
1.22985
0.16002
2.73308
-0.373209
0.107724
-0.0884102
2.48279
-0.770438
2.91055
0.507092
-0.577469
-1.12704
-0.416087
-0.905052
0.814255
-1.06225
1.15739
1.11487
2.01039
0.612505
-0.892354
-0.092084
-0.0760455
-0.14564
-0.363636
2.22028
-0.103815
0.897497
-1.5862
-1.26341
-0.805777
-1.35577
2.84079
-0.819028
0.312512
-0.874889
0.981193
-2.46632
-0.930827
0.759842
1.02375
-0.596564
0.802314
-1.56263
-1.05506
-2.3108
3.23972
-3.9816
0.239696
2.33901
-0.472005
0.982963
-0.68632
1.64783
3.32873
-0.781903
-0.779351
-0.123629
-2.07549
-0.882393
-1.31623
1.71678
-0.914976
0.830323
0.185498
0.326801
0.362128
0.0324768
-0.2414
-1.25692
-0.16455
-0.268426
-0.30132
-0.681948
0.873141
-0.237722
-0.259538
1.8578
-2.14349
-2.87835
0.218182
-2.07511
0.978737
-0.602253
-1.1205
0.533579
0.730547
-0.491213
-0.775867
0.739284
-1.2627
0.895874
-0.47044
-2.15135
0.554839
-1.07145
-0.0505605
-0.703877
-0.400715
-1.25113
1.09566
1.55291
-0.280235
1.598
0.977112
8.12909
-2.49865
2.58756
-0.539668
-0.526379
-0.313324
1.30881
1.31368
1.56661
-1.53646
0.470687
-1.25963
-1.99856
-0.248824
2.34893
-0.853743
3.17834
-0.333074
0.26721
-0.115544
-0.358158
1.25505
0.726527
-0.949468
-1.76007
-0.00424162
-1.53862
1.96517
-0.082877
0.784661
-0.0869006
-0.980441
0.80593
-1.14428
0.772748
1.2563
3.88941
0.49984
0.372865
0.300394
-1.55471
-2.06083
0.987607
-0.486467
-0.083108
2.01605
-2.41364
-0.527558
-0.943455
0.189301
-1.66619
1.01766
3.16664
0.531869
0.0747159
2.11275
0.186298
2.09524
-0.0677957
0.922942
-0.34353
0.289735
1.28697
0.863106
-0.66646
-0.992335
-0.524274
-0.78896
1.94921
0.0187958
-1.94314
0.898252
0.126386
0.0500393
0.424569
-1.34979
0.838053
1.61007
-2.78821
-1.44064
-1.18528
-0.154364
1.20672
0.119814
-1.2093
1.13379
0.100304
0.37788
2.42558
-1.7548
-1.21484
-0.277533
0.869432
-0.740199
0.575177
-0.342962
-4.13277
0.905172
0.436731
1.30698
0.255071
2.46097
1.15372
-0.370948
-2.52002
1.54317
0.54114
1.67333
-0.0642057
-2.7441
-0.855888
-1.66406
2.21665
-0.0163078
-2.85176
-0.102307
-0.645477
-0.593414
4.60239
-1.58869
-0.455837
-0.282011
-1.18239
1.67104
-1.39544
-1.43835
0.189521
-1.42052
-1.93064
2.3113
0.797451
0.282499
-2.46633
-2.70681
1.64079
-1.42463
-0.864137
0.784915
-2.03842
-0.308513
1.67565
0.0239121
-0.337142
-0.261244
0.902261
0.0252027
-0.277406
6.94359
1.22766
0.440428
-0.743616
-1.35353
0.450737
0.702106
-0.15239
-0.67295
-0.615176
0.53945
1.16622
0.887291
-0.64176
0.23
-1.39456
1.25725
2.53467
-1.11644
0.935325
-1.53748
-3.28683
-0.542151
-0.399046
1.67617
1.74981
-1.73259
1.57621
-0.68466
-1.0386
-1.01057
-1.64746
-0.866356
0.830348
-0.860132
0.246152
-0.198809
0.995149
-0.305104
2.21626
-1.13655
4.34974
-1.58458
0.0698316
-0.672569
-0.739661
-1.14795
-3.68137
3.06112
-0.875219
-0.710199
1.36374
-1.8452
0.552493
2.17114
1.56152
-0.201135
-0.952224
-2.85383
-0.16795
0.547164
-2.1592
-1.89695
-0.661983
1.97993
1.79085
1.44796
-0.543541
-1.1847
1.64377
-0.770249
-2.56116
0.0685705
-1.08473
0.131788
0.832224
-1.92185
-0.400913
0.669959
-1.24337
-0.412173
0.192379
1.76475
-0.216238
0.596979
-0.264327
-0.53714
0.490702
-1.67966
2.75025
-0.997335
-1.50486
1.09627
-0.109324
0.267534
-0.662024
-1.9167
1.9726
-1.56081
0.782007
-0.443614
0.172642
0.284813
-0.374629
-1.16608
1.98302
1.25765
-1.4892
2.11082
0.466106
-0.168274
1.14134
-4.72062
-0.497193
0.641183
1.04446
3.50782
-2.47859
-0.567747
-0.866563
2.16893
1.8525
-0.0757868
-0.525996
-0.289527
-2.01072
0.384354
0.328631
-1.00652
0.0444122
-0.670664
-0.0759983
0.923481
0.215557
0.958988
-0.234284
0.973467
-1.24239
-0.361568
-0.534889
0.672963
-1.30507
0.415476
-2.20005
-0.649134
0.298625
1.43717
-2.9798
-0.00369173
1.44066
-2.42001
-0.172496
-2.29945
-2.70174
-1.20199
0.219277
-0.615395
1.22667
0.311399
0.376799
-1.62137
1.35864
1.86699
-0.501727
1.27147
2.6228
0.443006
-0.764163
1.21225
0.227925
-0.42238
0.699042
0.833524
1.86558
0.51709
0.101555
-0.451647
-0.183095
0.13474
-2.14491
0.176547
-0.00153918
-0.827887
-1.23032
-0.569665
1.30231
-1.1658
3.35118
-2.55396
-0.635453
0.391641
-0.821907
0.488039
1.00559
1.46042
0.451854
-0.822975
-2.03579
3.61622
1.34198
0.971654
-0.30886
-0.428051
0.151558
-2.36764
-2.61635
0.797757
1.10382
0.873096
-0.418017
2.10888
0.300589
0.52823
2.48275
-1.19835
-0.759882
-0.804534
1.09019
1.56251
1.58907
-0.214138
-0.372966
-0.0605868
1.25424
10.5012
-0.794232
0.37511
-0.92701
1.15752
-0.944924
2.96112
-0.72286
1.88401
2.1135
-1.04557
0.489781
0.501883
2.28764
0.288903
1.36242
-1.47389
-1.28
-2.17005
2.3639
-1.3047
0.627282
-1.50077
2.42174
-0.507731
-1.83252
0.444122
0.207327
-1.00149
0.227902
0.635767
1.42169
-0.624052
2.95956
0.944387
-1.07791
2.14233
-0.631914
0.326224
1.00563
1.74241
-0.69934
-0.932127
-0.91019
-1.60835
0.299848
-0.935077
-1.76427
1.07586
1.9186
3.92055
-1.12751
-3.63578
-2.77086
0.842366
0.986387
0.994429
-0.639955
-0.227821
-0.139133
1.36434
-0.907497
2.95146
0.507689
-0.214393
1.43423
3.07898
-2.69824
-1.31221
-0.972041
-0.60017
-1.65787
1.34635
0.552051
-3.06178
0.921331
0.296136
-0.12692
-2.2854
0.291029
2.13958
0.877398
-0.473202
-1.45349
-0.137653
-1.13033
-0.277379
-0.494715
0.683471
-1.33386
1.79342
-0.16584
-0.54161
1.79404
0.148924
-1.08215
0.537164
-1.19649
-0.457868
-0.803848
2.11582
0.484258
-1.72706
-1.21276
0.13605
1.51507
0.205447
0.800123
-0.922993
0.331375
-6.24565
-0.0460962
0.679168
-0.882636
-0.86706
1.06969
1.65673
0.785686
0.914347
-0.631042
-0.446117
0.0962787
0.950635
-1.50545
1.5073
0.843819
1.23555
-1.07181
-1.10759
1.42459
0.34129
-3.6477
-2.02532
0.0837341
2.54329
-0.308638
-0.341044
-1.08488
0.14341
-0.781299
0.0366042
-0.237803
-2.57159
-0.629473
-0.675947
-1.4685
2.27433
-3.61519
-2.62094
1.37128
-1.66921
0.780855
0.576898
-0.958828
-2.64451
-0.478668
0.808234
1.77439
0.0622259
-2.53962
1.85718
-1.49074
1.87796
2.58027
1.30741
0.0349456
2.16314
0.106327
2.26832
-1.21174
0.600037
0.48768
0.555377
-1.79283
0.0431068
-1.62562
-0.859119
1.03561
-1.61574
0.193
0.408191
0.799785
-0.114268
1.82025
4.16505
-1.32433
-2.05109
0.90784
-1.03618
1.91221
-1.91285
-0.306431
0.476155
-1.55603
0.119377
-0.436141
-1.89506
-0.801701
-0.66023
2.98929
2.02425
0.450469
0.457569
0.992882
1.47152
-0.566
-0.197046
-0.194771
0.513323
-0.494095
0.374987
-0.884339
-3.30818
0.589362
-0.476288
-0.993851
-1.06563
-2.37003
0.587739
0.800425
1.59416
-0.28178
-0.298827
1.28264
2.15987
2.15944
-0.3869
2.64915
-0.680833
-1.45817
1.11042
1.10638
-0.795018
-0.255509
-2.80417
-2.52319
0.405195
2.47978
2.76635
0.416418
0.970338
0.261292
-1.8093
-2.93034
0.410432
1.57566
1.2153
-0.0286793
1.59961
-2.36753
-0.61173
0.137308
-0.204674
0.0848745
1.47629
-2.74719
-0.253488
0.72138
0.150908
0.197103
3.69301
0.00121582
1.25053
-0.10555
-0.352486
0.63138
-1.55092
1.22619
-0.120136
-0.81511
0.0920722
0.328168
-0.699097
0.199807
0.198288
-1.23406
-2.23171
0.31982
-0.489385
-0.927993
1.11904
1.84421
-0.687825
1.08989
0.521074
0.183619
-1.33981
0.8048
-2.78175
-1.86697
-2.67754
0.663216
3.08878
0.625222
-2.23799
-1.91785
-1.57169
1.42659
0.0956291
-1.53173
0.740906
0.841515
2.37349
-0.271977
0.0963078
1.12241
-3.66075
1.24114
0.0640147
-0.471981
1.36352
1.81826
-0.862026
-1.36843
0.414249
-0.395424
0.435971
-0.469976
-1.27693
1.7536
0.160914
-0.0615242
-1.68621
0.108109
-1.00625
-0.550184
-0.746032
2.80695
-3.83548
-1.32768
-0.82342
0.241072
-2.66253
-2.64682
2.16999
1.08593
2.44343
-1.77969
-1.34562
-0.180126
1.26228
-1.69779
0.804209
-1.56402
1.80238
-0.0231141
0.830009
-0.0118894
-0.112296
1.10556
-2.2819
-0.504677
-0.399735
-2.22378
1.38822
-1.30515
-1.73655
2.66314
-0.423127
0.968555
0.528766
-1.09962
-0.976033
-0.843181
0.789829
-2.14782
0.13568
4.14614
2.87045
-0.564099
-0.584868
1.49363
-0.665723
0.71062
-0.0205914
-0.0142196
-0.0573705
-0.609368
-0.120604
0.197252
-1.50886
1.56853
0.728233
0.787115
1.72132
0.0191465
-0.0930037
0.488958
0.514088
3.21599
-0.419706
-1.90019
0.0876695
-0.379735
-3.89869
-2.09258
-1.75106
-1.18143
0.193816
1.39453
-2.34032
0.435775
-0.33239
0.653804
-0.0693791
1.34395
-0.39503
-2.06001
1.15825
-1.99972
-0.80889
2.1981
-1.5099
-0.190256
-0.180164
1.20001
1.55686
-0.661365
-0.198111
-1.65767
-0.682456
-0.697719
1.64351
-3.24521
0.702261
0.200494
-0.0226269
0.452672
-0.606623
-2.63319
-1.69673
1.42679
-0.814963
0.898759
0.447713
-1.31384
1.81752
1.08309
-1.3752
0.243748
2.88439
2.09837
1.59277
-1.33452
-0.698443
-0.00270905
1.64991
-0.962485
0.482919
-1.91691
-0.400598
-0.501298
-1.60566
2.02184
2.58995
-0.586347
1.30356
0.995445
0.275191
1.08257
0.825302
1.07789
1.49713
0.0771166
-1.5224
1.49071
-0.138633
1.59167
-1.20651
0.654459
1.05979
1.14103
0.77987
-1.26307
1.8299
0.430885
0.368345
3.58334
-0.0425442
-0.0800403
-1.42307
0.247136
-1.52969
2.78227
0.190953
-0.442987
-0.288272
0.4406
-0.794535
0.0850823
0.128214
1.85675
1.98276
0.670252
1.10206
-2.54681
0.760433
-1.47217
-1.15272
0.881316
0.101843
-2.56256
2.14277
-1.88186
1.91906
-0.748312
-3.394
2.61594
0.280804
0.238071
-1.03833
-0.362041
-0.0586914
1.8535
1.06483
0.68414
2.5919
-1.48396
1.01258
-0.191682
0.741566
-0.19808
1.55924
1.02726
-1.4925
-2.30165
-0.656
-1.21908
-0.0966048
1.94008
-1.63484
2.79654
0.539088
1.41624
-1.60333
-0.617341
0.945845
1.66714
-2.97247
0.982992
-0.0187333
-0.708191
0.144406
0.978022
0.0346072
0.50662
0.400556
0.224793
-3.40215
1.12664
-0.424199
1.60959
1.84523
0.308122
0.693411
1.00926
-0.328474
0.927316
0.731651
0.0694652
0.38024
-0.279292
-2.08252
-2.38325
-0.200216
-0.146121
-1.01817
0.887029
-1.21402
0.522724
0.410975
-0.780146
0.6715
-3.35839
2.2188
0.779331
0.331721
-0.203068
0.241202
-0.638072
-1.37064
-0.708306
-1.09816
-0.346011
-0.262253
0.339508
2.23115
0.971731
-0.79494
-2.07168
1.23104
1.63821
-0.553327
-1.53985
-1.88795
-0.247029
0.308418
-0.810939
-3.19442
2.12196
1.79452
0.635292
0.245416
-2.60349
-0.986629
3.59366
-1.09261
1.04642
-2.02488
0.565694
0.179257
2.41034
-1.83457
4.51575
0.84846
0.422422
0.0384589
-0.863728
-1.23738
0.146468
0.778664
0.843622
2.34521
1.43991
0.58087
1.83524
-1.18003
-0.228096
0.143339
0.385509
-1.36601
-0.047213
1.47949
-1.52127
-0.360777
0.121141
0.337426
0.670134
-1.27158
1.82296
2.2775
-0.272614
-1.10529
-0.546861
-2.95906
0.627872
-2.22356
-0.376194
-2.32547
-1.4699
-3.22034
0.6791
-0.949103
1.42715
5.32578
-0.443983
1.34537
-1.04584
-1.78178
1.40584
-0.671839
-2.10982
0.607029
3.27255
0.181821
0.249178
0.613984
2.47697
-0.819133
0.846253
-2.21503
-0.83359
-1.0887
-1.684
-0.031639
-3.52215
0.691242
1.62692
-0.25146
1.54139
0.0512383
1.46135
1.24562
-1.72408
0.0608119
-0.135036
0.839526
-0.0486997
-0.273528
-2.08467
-3.0486
-0.0808513
-0.948307
1.72451
-1.65383
0.713406
-1.3454
-1.66926
-1.51536
-2.90293
-0.342507
-2.25515
-0.32377
0.426969
-2.22597
0.807102
2.03179
-1.11415
0.980517
-1.81795
-0.850628
-1.65084
3.00016
1.39271
1.34936
-0.392827
0.518505
0.0912476
-0.70301
-0.217844
1.82508
-0.838475
-1.73725
0.545006
-1.9859
-0.209946
0.745503
0.917844
-0.643246
1.74654
0.655634
0.5339
-0.798736
2.75029
0.572572
0.847367
-2.63991
1.20601
-1.82574
0.865835
0.471219
1.11505
2.17367
0.762841
0.159806
-1.63633
-0.238038
1.19096
-2.26308
1.23447
-1.88537
-1.61481
-0.445181
0.0664995
1.66224
0.936535
0.423674
2.14989
2.35673
1.8956
-1.41864
-1.74309
0.888295
1.02508
1.25471
-3.76762
0.654028
-1.16135
-0.843035
1.22321
-0.0525652
-0.137413
-0.35894
-2.43522
0.396148
-1.20392
-0.120798
0.610689
0.781733
-0.489674
-0.145561
-2.35185
3.57791
0.430715
1.91008
-1.38073
-0.295093
-1.53072
-1.17814
0.892227
2.55249
-0.30813
3.18805
1.73667
0.413554
-0.734871
1.30353
0.0747608
-0.94187
-0.566053
-0.369767
-0.450395
3.66638
-1.26468
0.828971
-1.68679
-2.54953
1.05253
-1.44602
0.0752615
2.32071
-0.281115
1.25377
-2.83262
3.1973
-0.812168
2.52323
-0.460507
-2.48069
-1.54206
2.01243
1.17342
-0.990256
0.017288
0.3679
1.72593
0.0628279
0.296261
0.131677
2.02985
3.21025
-0.965666
0.157388
-0.126311
0.868659
2.714
0.941366
-1.17768
0.015956
-2.69352
-0.59635
-0.732581
-1.78849
-0.880584
0.684899
-0.912574
-0.642387
-0.248585
0.427363
-0.333648
0.0760738
0.575043
0.736791
0.992781
1.28756
0.300904
0.678486
2.49055
0.391786
0.83922
-0.832336
-0.680373
-0.548396
-0.0689055
1.76379
0.163236
0.326908
-0.675874
-0.365597
0.121274
0.537601
0.781671
-0.799851
-0.13039
-0.960267
-1.10895
-0.534472
-0.388211
-0.387968
-0.78032
0.401437
-1.17999
1.75515
0.997339
-2.05582
1.93376
0.492273
0.0404631
-1.63046
-0.123126
0.0298894
1.52522
1.54115
0.178502
-2.35455
-0.83644
0.742258
-1.30046
1.23233
-1.34007
0.699333
-0.705724
-1.61344
0.469247
-0.714497
-1.84416
0.662552
-2.96832
-0.728011
-0.123977
-0.25732
-0.0151681
0.308638
-1.15364
-0.13043
-1.64573
-1.05074
-1.48663
-1.25685
-0.782946
-2.00294
-0.00440904
0.362463
-1.21374
-1.20209
-1.48771
-1.54574
-2.46945
1.78187
0.0917553
-1.21419
2.01307
0.779817
1.03525
-0.228877
1.21245
-0.469904
2.13827
-2.36245
2.00497
0.374018
-1.7517
1.29365
0.990248
1.28302
-1.50184
-1.00563
1.75261
1.18631
1.80753
0.408413
0.819117
-1.1758
0.795719
0.117327
0.218513
0.114034
0.320023
-4.43472
-1.23617
1.96241
2.76259
0.986573
1.32279
1.21248
-0.61007
-0.070812
0.842862
-2.66325
0.61558
-1.51829
1.21684
4.30739
0.00454005
-0.710123
-0.184098
-1.61205
1.83636
-0.102068
1.85929
0.441509
-3.68785
3.23401
-2.4882
-0.963578
-1.10595
1.68362
1.65481
-1.66907
-2.18604
0.633046
1.22299
0.663038
-1.6404
-1.26669
0.0520005
0.452658
-2.27416
1.08401
0.700003
2.35453
0.233391
-1.40674
0.506419
1.96915
-2.41647
1.63704
1.02015
1.9635
0.488182
-0.268293
0.0583191
2.12377
-0.526936
-1.29553
1.44125
0.00687525
1.46619
-0.566044
-0.219683
0.52923
1.63029
-0.782615
-1.02432
-0.238051
0.935333
-3.16871
0.327067
0.207542
-1.09855
2.21343
-0.170569
-0.00522328
-0.711238
-3.1762
-0.515781
-0.907304
-1.37823
0.996986
-1.01987
1.01165
1.51642
0.790256
-1.52513
-0.626841
-0.756385
-0.843992
0.387358
0.31577
-1.21586
0.666167
1.3823
-0.663965
1.17874
-1.489
-1.63726
0.331604
0.0173434
2.31569
-0.549051
0.833299
0.0107785
-1.31571
1.13348
-0.514662
0.0581028
-2.16914
-1.28555
1.23966
1.52651
0.374333
-3.48627
0.778925
-2.20294
3.14175
-1.38867
0.128363
0.239791
1.16254
-0.396631
1.20089
0.636662
-0.829185
1.55657
0.666744
0.790698
-1.48761
-2.06942
0.848667
-0.873152
1.26015
-0.952155
-0.00452227
-1.65371
1.05192
0.736117
0.607384
0.482136
0.385159
-2.05438
1.91075
0.586533
-0.845282
0.522566
-0.258182
1.14079
0.699188
-0.766285
-1.63404
-1.57727
2.19006
0.143322
1.00321
-1.39971
0.705224
0.297008
0.443665
-0.0796242
0.217095
-0.347377
1.00347
-1.59942
1.83522
0.806275
0.721588
1.86799
2.51834
1.66367
2.22511
-1.82423
0.546722
0.05995
-0.185758
-1.04002
0.52072
-0.73544
0.959853
0.887266
-1.12572
0.647434
-0.124641
-0.648895
-0.972909
-0.886889
-0.825189
1.73463
1.39465
0.203707
1.79631
1.10946
-2.24569
1.41213
0.866516
1.93902
2.19816
0.357823
1.12608
-0.368602
-0.460471
-5.3643
-0.435386
0.482361
0.276232
-0.651493
0.353626
2.84712
0.236607
1.45145
1.41271
-2.53873
-1.23975
-2.08317
-0.239383
1.08116
1.43744
3.05344
0.251633
-0.153855
1.52613
-2.03159
2.40871
0.979273
2.83845
1.19421
-0.791748
0.111579
1.859
-3.16776
-0.231414
-0.983884
-2.50052
1.22791
-0.928278
-0.895985
-0.0694541
1.4931
-0.809055
0.0952647
0.198523
-1.68086
-0.0940016
-1.41117
-0.446201
-2.05109
0.439707
0.4283
1.29051
0.335527
1.95984
-1.09251
0.704162
-0.125271
-1.06994
-0.146872
-2.00863
1.52024
-0.633612
2.0255
-0.719043
1.35986
0.752765
-0.00952268
-1.11947
2.05123
0.00290115
-0.979083
0.103286
0.914161
0.0324848
-1.69991
-0.142616
-0.366952
0.0899197
-0.196362
-0.292451
0.129338
1.46394
0.00668514
0.669359
-0.0998056
-0.60303
-1.14025
0.317571
-1.63803
-0.46682
1.23198
-0.0477994
-1.83362
-3.64509
-0.205333
1.89202
-2.18095
0.897545
-0.429862
1.34567
2.6925
-0.349479
-0.764824
-1.42761
2.43242
1.79274
-0.970534
-2.82383
0.14216
1.80029
-1.12614
0.368595
-3.41461
-0.066021
3.11099
1.61681
-0.0108966
-1.78452
-0.306592
0.374575
1.00214
-2.5511
-0.974118
1.74765
-0.16196
1.10445
0.201846
0.654727
0.871324
-0.423412
-0.258093
-0.467156
-1.6501
-1.98886
0.140134
-1.17421
1.89725
0.264084
0.216088
1.78133
-0.123439
0.803511
0.847518
1.18308
0.409532
-1.92896
-0.613285
0.502312
0.699108
-0.444681
-2.35172
0.476566
-0.946791
1.60143
-0.578489
-2.98912
1.23244
-0.00269309
-1.36877
-0.855973
-1.44915
1.24912
-2.35024
0.754649
-0.553451
-2.78148
-0.160073
-2.16987
-2.45221
1.01121
-2.39944
-1.95184
0.310537
-0.00486899
0.677328
2.27529
1.10381
-2.9627
0.739663
-0.476438
0.127175
0.396713
0.439965
0.869607
1.23232
1.98286
0.665548
0.357679
0.879615
-0.290009
0.749413
-1.73054
-0.787901
-0.731245
-2.14727
0.16305
-2.8351
0.175336
-1.34766
-0.286173
-1.50935
0.737562
0.197674
-1.46181
-0.96039
1.65878
-0.590744
-1.67519
0.0845582
-0.540693
0.860215
-1.71489
-0.623477
-0.408513
-1.26455
1.46655
-1.57872
-1.61739
0.73221
2.07749
1.13031
-1.61134
0.0887838
-2.4146
1.12728
8.51447e-05
-0.526574
-2.71221
-1.66023
-0.256486
-0.883373
0.130358
2.89628
-5.15099
0.991337
1.81316
-2.67156
-0.757158
-1.52108
2.30527
-1.99875
1.30095
-1.02401
0.642657
0.999471
-0.932762
-0.0906683
-0.360666
0.422703
-0.822022
-1.27938
-1.72372
-2.47626
-1.04909
0.0065367
0.378435
0.293417
-0.692447
0.322479
-0.512002
0.833465
0.806742
-2.26544
-0.871015
-3.0995
0.820742
-1.73572
2.28013
1.11984
-0.624044
0.990356
2.39543
0.198437
0.847937
1.82159
-0.73883
2.95994
-0.648181
0.156905
0.108914
-0.10852
-1.36462
0.0996402
-0.992438
0.343264
-0.436304
-2.36208
-0.567347
-0.952137
1.02609
1.08492
-2.81026
0.953041
0.306194
0.268511
1.47872
0.999187
-2.01129
1.07647
0.793547
-0.345451
-1.50632
-0.303965
0.698498
0.01148
1.47696
0.970501
-1.80253
0.53583
1.29023
1.47693
1.70861
2.53234
1.65622
1.10931
-2.08777
-1.1707
-1.95332
1.32682
1.75467
-4.26118
-1.47112
0.345308
0.500604
0.586535
-2.12651
1.88178
0.779104
0.942981
-1.16107
2.00073
2.89268
0.60924
-0.830126
1.22094
0.475095
-0.630805
-0.445262
-1.58756
-1.70084
-0.446934
-1.35126
0.810926
-0.433499
-0.0958439
1.53402
0.91364
0.605052
0.658858
-2.291
3.0853
-0.907542
0.739303
-2.46949
-0.823819
-0.92059
-3.66949
-0.251675
0.833977
-1.97507
-0.641839
-1.20264
-0.83831
0.653753
1.26197
0.267406
-2.29627
0.617095
-1.66904
-2.35559
-2.83211
1.85785
-3.83666
-2.02578
-1.40873
1.05408
1.1681
1.32137
2.92185
0.310729
-0.776645
-2.45292
-2.65002
0.589006
-2.21677
-0.744495
-0.593677
-1.40701
-0.891315
1.85827
0.0532041
-0.104122
-1.21314
0.508322
-1.13205
-1.0785
-1.14059
1.01623
-0.29827
-1.2826
2.1532
-0.093149
2.46033
-0.0209443
-2.32171
-2.17687
0.29017
0.397518
1.88875
-0.666957
-1.18302
-0.158328
-0.535634
2.99231
-3.6102
-2.15423
0.116006
1.75472
2.05372
-0.983599
1.14044
0.0487321
0.302083
-1.25015
-0.764328
3.65851
2.43911
-0.11715
0.86616
-1.9996
-1.68577
-0.159133
-0.477471
0.315788
-0.734159
1.21701
-1.24946
0.0880921
1.75108
-0.991937
-1.84209
-1.17466
0.670358
1.40666
-0.432458
1.11491
2.21709
0.849249
-0.373306
-1.01058
0.530473
0.441307
-0.0888353
2.67965
-0.325147
1.76322
-0.427658
-0.30065
-1.20332
-0.466311
0.0303908
0.449367
-0.354387
0.741123
-0.871769
-1.36486
1.78098
-3.07678
2.45769
-1.56259
-0.10395
-0.846234
0.914612
0.520847
0.741537
0.893472
1.01777
-0.961128
-2.7633
-0.496555
0.745684
2.46805
-0.154962
1.12227
-1.81779
0.900123
-0.963829
-0.771788
2.06963
0.396704
1.38212
-0.72444
2.23942
0.71486
-2.81039
-2.25911
2.72404
0.741463
-0.164487
-0.117964
-0.776562
-0.533538
-2.33712
-0.121188
1.10881
-0.307284
-2.13706
-0.882113
0.967404
1.02993
0.692546
-1.26509
2.52364
-1.19735
-0.206355
-0.00723343
1.09494
1.29939
-0.030553
0.832793
-0.478213
-3.34279
-0.0812436
1.80729
-1.15202
1.16522
-0.236937
-0.829817
0.314164
1.36312
1.15154
-0.765334
1.44601
-0.284732
3.97064
1.32904
0.214683
-0.795417
0.333853
-1.57871
-2.10034
0.700205
-0.702483
1.19288
0.0193343
-1.28893
1.77272
-0.856433
-0.287851
1.21763
0.66525
-0.592497
-0.516039
1.36896
-0.0343862
0.681681
-0.135265
-1.00722
0.16299
-1.73552
-1.56535
-2.47856
-0.359062
-0.670179
2.4273
0.209854
-1.25824
1.20164
0.881967
-0.0171001
-0.352468
2.25939
-0.969684
-0.0251908
-1.1245
-0.500768
1.20521
0.979084
-1.14725
1.46031
-0.729267
-1.3051
-0.845535
1.57091
0.554302
0.713563
0.416811
1.31529
-0.0125866
-0.0951251
0.0470932
1.53914
2.36511
1.50277
-0.748067
1.75899
0.143712
-1.39467
-1.17386
-0.459544
-1.70555
-1.07685
-0.864005
1.38836
1.07028
0.927319
-0.408531
0.407158
-2.4951
-0.015923
-0.106526
2.00224
-0.923884
-0.440144
-0.589909
0.036255
0.183849
-0.489058
-0.362842
2.01059
-1.06104
-0.889958
0.269362
0.781976
0.804069
-3.07005
1.94405
1.12564
-0.181636
-1.73725
-0.052485
1.00937
-0.0384121
0.240764
-1.16017
-0.854745
0.00574709
-0.0636838
-0.356897
0.0105587
-2.82031
2.44024
0.2271
-0.190377
0.744852
-0.227819
0.132232
1.56128
-2.81206
-1.40151
-2.34933
1.13514
-1.53572
-1.20902
0.645738
-1.63413
2.1121
1.21582
-0.737338
0.384718
1.30492
-2.29759
-3.72331
0.757178
0.732287
-0.496578
0.549957
1.18098
-0.51311
-1.14179
-0.0571477
-1.22435
-0.374535
1.66653
-0.00349413
0.679171
-0.199719
1.63921
0.543919
1.03133
1.65358
-0.706351
-0.930027
-1.30902
0.50807
2.48416
2.33851
-0.9372
-2.34659
-0.237502
-0.201689
0.499829
1.75931
0.00832821
-0.665214
-1.43797
1.76945
-1.68685
-2.14878
-0.355082
1.2212
0.913009
-1.81898
-0.500414
-0.998568
1.04044
3.34766
-0.586555
-0.749925
0.791937
2.17286
0.536097
-2.18096
-0.334318
1.28921
1.37901
-1.10508
0.986841
0.228382
0.784039
0.943978
-1.46068
2.94564
-2.09347
-0.167356
-2.07379
-0.0972706
2.63069
0.276665
1.39552
-0.626332
2.7976
2.78155
-0.339362
-2.01573
-1.28168
-0.53979
1.4793
0.601584
0.416345
1.88991
-2.85342
1.59637
0.394595
0.896461
-0.257991
1.6775
0.906038
-0.456194
-1.36909
-1.38276
-1.77895
-3.08129
-1.64812
-1.83633
-0.396938
-2.20407
-1.3135
0.831088
-1.19147
0.65655
-0.129203
-0.441971
-0.446905
-0.17168
-0.757992
1.33979
0.461213
0.401797
1.64215
2.20501
0.288699
-1.31856
-0.0410439
-0.591326
0.461617
-1.34064
-3.09073
0.196943
2.65512
-1.97864
-0.531624
0.74103
-1.61209
-1.70418
1.33038
-0.961746
0.699614
-0.382758
1.74034
-0.407785
-2.20714
2.71147
-1.92499
2.10966
-2.00988
2.21835
-0.26931
3.51221
-0.81399
-1.77975
-0.433498
-1.31248
-2.08814
0.0740675
-0.00698208
0.353207
-0.903712
-1.47469
-1.57092
-0.0861466
-0.681617
-0.217415
0.50187
-1.30239
1.70417
0.143803
2.46264
1.60946
-0.273418
1.88845
-1.55114
3.42902
0.975309
0.764491
0.107587
1.43093
1.14194
1.76938
-2.23311
-0.870359
1.06589
-1.32925
-2.72556
0.0820896
1.44619
-1.51136
1.02633
-0.676398
-0.764305
1.97368
-0.434356
0.196851
0.197414
0.650247
-0.776616
2.20514
-2.69827
0.631906
-0.109406
3.54029
0.214141
2.4365
-0.244458
-0.867914
-0.915608
0.624832
-1.92224
1.55611
0.215147
0.663611
0.809482
0.791269
-2.65896
-0.590569
-0.358418
1.66371
2.34269
0.598701
1.1226
-1.75873
-0.263709
0.906875
-0.951192
-1.23861
-1.22494
0.197585
0.712675
-2.49302
-0.207884
0.315524
-0.816764
0.289336
-1.06669
1.51059
2.50184
-1.97667
0.539544
0.391057
0.508633
0.260518
1.56787
-1.04477
2.53033
0.422312
0.842555
1.62316
-1.13176
-2.66787
0.0492403
-1.99966
-2.59682
0.335458
2.3667
0.830548
3.76719
-1.18663
-1.93026
-3.39127
-0.948435
1.27435
0.197172
-0.434164
-0.341898
0.677585
-1.57384
-0.929717
-0.814951
0.966063
-3.36498
0.439838
2.11929
-1.24776
0.870362
0.770665
2.75464
-0.492293
1.3067
-1.4547
0.637308
0.0627897
-1.53412
-1.30897
-4.51077
-0.719785
-1.61447
-1.20679
0.573687
0.532769
-0.748524
0.256817
-0.676718
-0.834405
-0.149026
-2.19382
0.0761303
-1.84386
1.35222
0.586233
0.530524
0.0887841
0.219413
-1.31195
-1.70735
-0.733825
-2.16877
-0.145879
-0.31727
-0.578861
0.402494
-0.204166
-0.80959
-1.28254
0.417337
-1.86371
0.0156722
0.0470621
1.61888
-1.72782
0.076971
-0.783749
4.80302
0.799447
-0.603248
1.83433
2.03084
-1.54414
-2.10673
-0.268316
-0.259997
-0.649704
0.471506
1.79376
-1.47514
1.25412
0.206942
1.74757
-2.81178
0.121162
-2.08877
1.00208
-2.23528
0.505631
-0.319458
2.09129
-1.10417
0.224604
1.04187
1.11806
-1.13052
-1.44251
0.0350613
0.154971
-0.461615
0.60409
0.552903
0.64351
1.49687
3.58378
-2.53119
0.397643
-2.4939
-1.19039
-0.396659
0.473011
1.28092
-0.259574
-0.904046
2.38985
-1.3966
1.95445
0.131924
1.24681
0.803508
0.223801
0.439751
2.19835
1.04977
-1.44723
-0.314728
-3.53692
0.866935
-1.18911
-1.70824
-1.335
1.69475
-0.256019
-0.062381
0.447366
-0.291443
-1.73625
0.10799
0.378644
-4.28862
1.33256
0.769373
-1.13567
-0.660112
2.2182
-2.69048
0.516312
-0.94786
1.47989
-0.691678
0.0359469
0.65073
1.94734
0.784451
0.601972
0.967219
-1.19439
2.59615
2.56961
-0.426228
0.334409
-1.11346
-0.527377
-0.232476
0.25809
1.51952
3.00618
-0.789852
0.54089
0.537254
2.09253
-2.1239
2.52521
1.03592
-0.647529
0.257647
1.57968
1.65472
1.62268
-3.75383
0.422469
-0.00707451
-1.05695
1.30534
-0.498637
-0.275817
0.567483
-0.895
0.0546075
0.195213
0.588207
1.80101
-0.108566
0.392199
-2.48821
-1.29146
-0.267269
-0.128103
-0.621153
-0.486393
0.086066
2.32003
0.747612
1.67375
0.556484
-0.111354
-0.154299
2.53037
-0.570344
0.124399
-1.00106
2.0252
-0.369116
0.553235
-2.24289
-2.40885
-0.573683
0.721111
-1.32538
0.420001
-0.19261
-0.746284
-1.00523
0.500924
1.01969
0.48397
-0.567278
2.09189
-1.92085
-0.27326
0.195841
1.07511
-1.02646
0.266363
1.42462
0.711664
0.247492
-1.60681
-2.41275
-0.249463
0.983506
-0.270826
1.00031
0.037591
-0.872783
-2.71957
0.792802
1.46986
1.04401
-1.49517
0.43563
0.453596
2.16113
1.55695
-1.91653
1.58
0.956542
1.53653
1.93187
1.87501
-1.38251
-2.61261
0.152594
0.2185
-0.950083
0.11717
2.62975
-1.36504
-0.465657
-2.19366
1.709
-3.54379
-1.51179
1.59045
1.53951
0.0317913
-0.381146
1.01756
0.0910193
-0.241226
1.71583
-0.617524
0.217029
-0.378571
-0.0729095
0.414625
-1.37587
0.883507
0.384267
-0.179957
0.981064
0.0334279
1.96662
3.34126
0.395532
-1.56528
1.68227
0.958633
0.761942
-0.643778
0.011789
-3.78039
2.09839
-3.27265
-0.773142
0.96887
1.07486
-0.264435
0.252607
-2.54827
0.258416
0.40004
-1.37439
-1.90119
-1.0063
-0.564604
-0.875994
-1.96993
-0.359405
1.50431
2.09162
1.31316
-0.794616
2.96108
-2.0366
-0.728663
0.0922068
-0.339193
1.69447
0.787668
1.82519
-0.96728
0.386488
0.983043
-0.147623
0.0440791
0.0634134
0.558289
0.944569
-0.507166
2.26015
0.0797289
-0.0441043
0.431565
-0.211784
0.0924068
-0.936054
-2.14833
0.307073
1.60522
2.77728
0.415263
0.103946
-0.19028
-0.40035
-2.21608
1.82832
-0.559592
-1.08544
1.47644
0.930839
-0.0997979
1.37227
0.979275
-0.271914
0.542817
-2.50938
-1.19747
-0.573031
-0.796336
0.711419
2.57838
1.01086
0.695456
0.159838
-0.119388
-0.535019
1.24023
1.18926
0.543401
1.11061
0.497942
0.14962
-1.454
-1.37886
-0.647054
-3.00501
0.252353
-1.10178
-0.161926
0.197158
-1.41542
1.89857
-1.54864
-0.0483263
0.0633274
-0.566776
-1.32253
0.369115
-0.363998
-0.698385
0.44527
-2.08786
0.8367
0.401141
2.05425
-3.24134
-0.205201
-0.252063
-0.276715
1.50818
-1.85438
-0.652253
-2.3541
1.27261
-1.47988
0.316859
1.06774
-0.21871
-0.673005
1.1367
-3.58885
2.31847
2.39857
0.781272
-1.87842
-1.18024
0.618078
0.34745
-2.51695
-0.633131
0.0139229
1.07548
-1.4479
-3.28885
-1.32101
-0.257784
-0.745592
-1.18812
0.121731
-2.93121
0.817454
-0.328775
-1.09512
0.672371
0.336729
2.22961
-0.445638
3.64192
0.653849
2.54425
-0.0271462
-0.0766674
-0.640064
-1.06162
4.18712
-1.87987
-2.12287
2.3572
-0.193631
1.60159
-0.256678
-3.5134
0.650497
0.727379
2.94236
-0.262534
-0.251271
-1.51161
1.11385
-0.701843
-1.42722
-1.41663
0.0546831
-1.57912
-0.613304
-0.442861
0.393089
-1.62218
2.34767
0.78509
0.00173012
-2.18733
0.602067
-0.855098
0.843428
-3.30542
-1.03107
2.25268
1.97313
-2.11834
1.93614
-0.729483
0.693935
0.986751
-0.555857
-2.40047
0.300302
1.51188
-1.68135
1.28962
1.90959
-1.11679
-3.51329
1.14576
-0.512135
1.53776
0.913506
0.372441
-0.396748
-0.915553
0.71102
1.97708
3.37598
1.48224
0.0391773
-1.32204
2.28267
0.0238982
0.440242
-0.139447
2.403
-0.4452
-0.0440054
-2.33622
1.0788
0.116851
0.673937
1.54475
-2.2123
0.373992
-0.893925
-2.19919
-1.12367
-0.387227
-2.5078
-0.853236
0.917456
0.770104
2.96067
-0.759847
1.524
0.0858386
-0.647999
1.28809
-0.872367
-0.82866
-0.0112148
0.881186
-0.707661
-1.35514
1.97965
1.40555
2.78045
-1.45175
-0.0556182
0.5066
-0.958063
-0.368988
0.398218
-0.0963485
-0.29472
1.22317
-0.845602
-1.13796
0.660611
0.00433092
0.21144
1.27976
-0.0618989
0.0086704
0.853682
-0.883819
-0.684423
0.606552
-1.94209
-1.85917
1.33358
-0.364733
0.0429903
1.41368
0.360899
0.232512
-1.76523
-1.12592
-0.749658
0.523079
1.70487
-2.17387
-1.08068
-0.298191
2.36821
-0.625259
-0.481432
-0.648556
0.0669693
-2.85166
-1.05871
-0.564113
0.149614
0.939345
-1.9638
-0.147271
0.456344
1.44446
2.21933
1.03364
0.945304
-0.147507
-1.49835
0.2737
2.11002
0.904885
2.15409
-2.51166
0.604224
-0.0585036
1.73201
0.955163
-0.0801052
0.508969
0.784967
-1.14293
-0.197671
1.14921
-0.202098
0.850371
0.0779857
1.33416
0.623031
-2.02938
0.406132
-0.010795
0.592124
-1.04745
-1.07955
1.55555
0.784668
0.366292
2.50811
0.179042
0.232984
-2.5848
-0.495809
-0.418985
0.000631005
3.1633
2.71855
-1.75707
-0.840501
2.34535
1.51336
0.0524365
-1.15455
-0.350491
-2.71976
0.810241
2.00978
-0.0694601
1.96081
1.55428
-0.109492
2.2497
2.00063
2.54012
0.246481
1.83116
1.46266
0.561007
-0.639213
0.618674
0.110255
2.87424
-0.873803
-0.318839
-1.79056
0.582843
-0.819732
-1.5188
2.62592
2.34397
-0.0241967
0.64929
-0.248968
1.20304
1.66411
-2.16598
-1.04838
1.98758
0.447133
2.41265
-0.242667
-1.69052
-0.754325
1.5736
-0.518311
-1.54437
-1.82294
0.160625
2.4718
-1.31076
0.0600315
2.80273
0.231573
-1.31466
-0.0847978
1.4123
0.418719
-0.421181
0.0625575
0.891697
1.28567
-0.784981
0.930061
-0.45957
-0.477513
-3.1514
-1.03569
-0.0980233
2.15891
-1.32736
1.28469
0.0690845
1.98422
-1.24598
0.326623
-1.47557
-1.89245
-1.71903
-1.07465
0.660034
-0.570935
-1.39457
2.47096
1.23117
0.984329
2.40037
0.822335
-0.118988
0.205398
0.00729353
0.0965156
-0.748597
2.49017
1.25055
-0.507577
-1.37613
-1.39362
0.52597
-1.80493
3.31402
1.56478
2.29971
-0.46166
1.29744
0.0265837
0.519893
-1.64432
-0.800286
0.355721
-0.139757
-1.91165
0.278638
-1.95213
-2.20851
1.02968
-1.91988
-0.456251
0.3656
-2.2559
-0.127343
-0.125123
1.8623
-0.3458
0.451614
-0.499461
0.934111
1.24509
1.4079
1.827
0.732817
0.199421
1.73685
-0.039303
0.861981
2.47868
-1.36884
-0.00260863
-1.73515
1.00028
-1.5857
-0.138184
0.953478
-1.64589
-0.134216
-1.29832
1.24066
-2.39207
3.41771
-0.066894
-0.417154
-1.75979
-0.48601
2.32238
-1.28253
-1.40204
-0.419534
-1.88971
3.0606
0.601903
0.328761
0.380988
0.418858
3.59824
-1.04239
-0.319959
-2.48439
-0.976733
-0.818134
-0.841447
-0.348891
1.07061
-0.308332
0.743608
0.419193
-0.651825
0.896844
2.03113
1.33199
-1.82649
0.589377
1.28514
-0.427993
-0.0986664
0.097467
-3.12694
-1.08144
-0.307959
0.130454
-2.4119
-0.277526
0.887548
1.0164
-1.32336
0.34663
-0.506669
-1.4231
-1.10921
2.26355
-0.758197
-0.477939
1.09431
0.267679
0.410052
1.96463
-2.69884
0.551683
-0.997468
-1.29598
-1.5683
-0.0777144
-0.691715
0.765988
-1.44881
-0.390372
1.1208
-0.40198
-2.03623
-0.857124
1.31156
-0.0936276
-0.811619
-0.226245
1.40406
-2.49834
1.98267
-2.18983
1.59092
0.297683
1.04681
-2.25028
-1.183
1.07324
1.27803
2.49172
-2.56083
-3.18906
-1.11789
-0.450437
-2.13058
0.0939281
0.39992
0.541378
-0.131135
-0.654591
0.204155
1.40491
-1.92932
2.02294
2.50737
0.361112
-0.887735
0.590612
0.404407
0.19791
0.548724
0.408708
0.296844
-0.705304
-1.15701
-0.716822
-0.639537
0.383025
-2.24152
-0.319079
0.648813
-2.11379
-0.228494
0.0973215
-0.544466
0.225573
-0.0333335
-0.629285
1.3344
0.440517
-1.18282
2.1985
0.645639
0.189853
-1.38978
-1.45685
1.21488
-1.05867
-0.22604
-0.441141
1.11348
1.69948
-0.800757
-0.0717295
-2.49457
0.958949
1.86359
1.32515
1.11095
1.64853
-0.805105
0.299492
1.52407
2.61365
0.516887
1.13165
1.01645
-0.159141
1.16392
0.620896
1.15157
-2.93352
2.05585
-1.61708
-0.0840088
-1.57083
-0.89244
-0.201715
-3.17996
-2.41543
0.387918
-0.402999
-1.37037
-0.914105
-0.0812301
3.3519
0.35813
-0.646943
0.426144
0.517294
-0.597189
-1.80812
0.494651
-1.51983
-0.63932
0.467488
-2.14083
0.335826
2.01906
-0.342076
1.03777
1.1683
1.45196
-0.871637
-1.24327
1.05393
0.431515
-2.00355
2.90506
1.26434
-1.24134
1.32117
0.598112
-0.322527
-1.29244
0.591672
0.0740697
1.5377
-1.32207
-1.28879
3.10939
0.0713354
-1.69029
-1.43587
0.309592
0.0835007
-1.0125
-0.717667
0.20585
1.80766
-1.03245
1.22199
0.672307
-0.58286
-0.19366
1.80198
-0.333939
-2.90223
-0.879074
-0.448185
-1.88388
-0.96089
0.26209
-2.2035
-2.60595
-1.25959
3.80533
1.22479
0.530067
0.74125
1.20099
-0.76849
1.8186
1.27588
2.20474
1.19276
0.44941
-1.29975
0.902947
1.14006
-0.837441
-1.31879
-2.43547
-1.03484
-0.0988532
-0.844979
1.14204
-0.81787
1.12469
0.727558
-1.33785
0.104035
1.35869
-1.33473
1.47782
-0.331924
-1.30761
2.4797
-2.84046
0.141891
-0.222544
2.87165
2.1579
0.892498
1.69178
1.49949
2.30069
2.09271
0.425186
-0.267713
-3.17929
-1.85177
0.0965697
1.44181
-0.612841
-3.80345
-0.128179
-3.02038
0.63726
-1.65357
1.86679
-2.47334
-0.466778
0.84854
-2.61581
-0.879782
1.14382
1.73456
1.45772
-0.860513
1.16918
0.870817
0.329145
1.08009
0.659376
0.0653291
0.918834
0.291223
-1.83601
-0.195042
1.84786
0.262265
-0.819733
-1.28419
0.659034
-0.577071
1.64863
3.39932
2.71664
-0.0603976
-1.59603
-0.221078
-1.8836
1.41681
0.0854694
-0.674569
2.149
0.486363
-0.282777
-0.362705
0.046989
-0.551954
-0.274391
0.361379
1.40751
0.751773
1.91171
-0.535576
-0.420772
0.9468
-1.74554
1.00009
-1.54356
0.178988
0.747791
-0.264571
-0.471279
-1.0654
0.0384164
1.85599
0.306202
3.0615
0.261409
-0.952348
2.25981
-1.48923
-0.549539
-1.95336
1.25772
0.56753
0.404543
1.06428
0.334022
0.173651
0.2149
0.492704
-1.25192
-0.590334
1.99339
-0.622956
0.658974
-1.95252
-0.638051
-0.288007
2.55279
-1.03675
-0.196764
0.678759
-0.526811
3.20633
-1.7062
-0.737972
0.632222
-1.68294
-1.35797
0.236766
-0.661227
0.335304
-0.627975
1.62296
0.161792
1.73182
1.30442
-0.867954
0.286889
0.361214
3.18313
1.29551
1.04125
-0.183496
0.238754
1.13752
0.708877
0.425674
-2.25449
-0.943824
-1.98555
-0.126947
-0.368214
-1.84628
1.59254
0.413686
0.928385
1.50839
1.70794
-1.85771
1.03707
1.66919
1.215
-0.374739
-0.23035
1.79339
0.668424
0.440066
-0.747163
0.764672
3.59419
-1.79868
1.55409
2.43926
-1.48241
2.52461
-1.62769
-0.674267
1.5425
-1.21652
-1.0341
0.133548
0.421633
0.999732
-0.109833
0.655186
-3.33961
-0.0603283
-1.04451
-2.51056
1.12365
1.50397
2.75623
3.71398
-0.114177
-0.602434
-2.84675
1.21021
2.37031
1.33974
-1.35591
-2.49673
-1.83768
-0.546415
-0.325897
0.815582
2.22925
-0.0407185
1.28924
1.59828
1.57602
1.79578
-1.58311
0.0637212
1.7288
-1.11568
0.742342
-0.945047
1.10096
1.00972
-0.530743
-0.442409
-1.38201
-0.646222
1.61117
0.130859
-0.493004
-1.27098
0.0364886
1.84859
-0.193697
1.00418
1.69848
0.147707
-0.55327
0.796309
0.240105
0.40546
-2.10047
-1.3202
1.27152
-1.00382
1.617
1.5432
-2.95774
-0.232697
-1.91966
1.21591
1.31816
-3.45294
0.175874
1.97571
1.55881
0.542677
0.228394
2.35954
-1.10686
0.858879
-0.00157542
2.23748
-1.52343
2.50219
-1.77727
-2.06566
0.851996
-1.45118
1.30895
1.1229
-1.36505
2.39016
3.80993
-0.312796
1.21141
2.61252
1.07791
-0.145456
1.92061
1.71406
-1.93128
-0.0923134
-2.65274
1.90799
0.381917
1.7684
2.04988
1.65812
2.22633
0.824313
-1.36647
-0.0261208
-1.17085
1.52028
-0.0242718
-0.586251
0.590341
0.467205
0.706762
-0.694573
-2.75594
-0.400377
-1.45633
0.448868
0.353252
1.35357
1.29597
1.13842
0.392072
0.641164
-0.363824
6.02953
0.875584
-0.210331
-1.38126
2.10033
1.72383
1.3149
0.57306
-1.93008
-2.34671
2.6738
2.07156
-0.397875
-0.506586
-0.13657
0.106197
0.127897
-0.502637
1.37519
0.0187175
1.32151
0.642511
0.26443
0.862666
-0.212589
0.229577
1.02923
1.80909
-0.435594
-1.53302
2.09085
-0.582599
-0.498755
-0.621834
-0.395492
2.1357
-2.72773
1.12802
-0.287005
-1.71967
-1.46215
1.42036
1.646
0.268
0.77674
0.569146
0.192973
1.85454
-1.33889
1.87552
0.139
0.169062
1.38018
1.12229
-1.24548
0.758423
-2.07073
0.927336
1.38292
-7.55716
-0.557659
-0.00477189
-1.29235
0.46676
-0.370135
-1.47494
1.33126
-0.0215605
-1.60147
-0.0194638
-2.38363
1.42243
1.04953
-0.814021
-0.627397
0.726609
-1.54992
-2.29681
-1.60868
0.270638
-1.44497
-0.633678
-0.363966
0.423741
-0.272262
-1.27977
-0.840266
-0.161915
0.352642
0.00159175
-0.712356
-1.09128
-0.922391
-2.56288
-0.527737
-1.51315
-1.27183
2.18902
0.47521
-0.279514
2.89458
-0.289588
1.02009
-1.58663
-0.889376
0.632558
0.631392
0.765849
-0.679096
2.54253
0.798353
0.120018
-2.16808
0.886295
-0.80274
2.03164
1.81651
-1.71537
-1.37804
1.30903
-0.542362
-3.92902
2.08369
0.754694
-0.00599586
0.411299
-0.0696883
-1.36984
-0.297021
0.387161
0.212736
0.615902
-1.64186
0.887768
1.52246
1.45327
-1.53894
0.417704
-1.30994
-1.32684
1.82129
1.47371
-1.77822
0.129408
0.866559
-0.720403
1.21063
0.248903
-0.70292
-1.10355
0.829985
1.4435
1.56605
-0.30188
-0.691057
-1.3111
-0.229639
-1.32827
1.60969
-2.52094
-3.25104
-0.683792
-0.0833435
2.20991
0.955895
0.162494
1.35576
-0.719138
2.98555
-2.61781
0.482741
0.515367
0.717237
-2.80222
1.09722
-2.66199
-0.539432
0.62107
-2.74942
0.654544
-1.62075
2.01771
-0.609394
1.32374
-3.1863
1.07289
-0.411216
4.09823
1.88046
-0.888767
1.22785
0.262142
-1.81373
0.53912
-0.896091
-1.74375
2.68457
-0.691766
1.57334
1.22683
-0.322653
-3.22479
1.45883
0.148237
1.71301
1.78608
2.59976
-2.37137
-0.884749
2.07973
-1.06339
1.18785
1.06392
0.922582
0.398271
0.199682
0.43424
1.70038
1.58124
2.57708
-0.274394
0.161591
-0.539477
-0.77029
0.145514
-1.67278
1.28322
-3.20735
-1.86366
-1.92738
1.21869
-1.3134
-0.374247
0.594868
0.608368
1.5212
-0.527936
-0.895618
-1.3909
1.12169
-2.28484
-1.66419
1.84027
0.30574
0.419036
0.227079
1.97357
0.0681898
1.03942
1.07441
-0.0385315
0.624975
-0.721469
-1.65452
-0.491177
-0.964405
2.51681
0.612814
-0.0765306
-2.58533
-2.92521
-3.03837
-0.477228
-0.15866
2.02352
0.651592
-2.74026
0.72779
-0.220967
0.522657
3.87676
1.67231
1.38967
1.23892
1.01877
0.138089
1.46274
0.608614
0.145823
-0.890831
-0.0966068
2.37126
1.18182
-1.0081
-2.46055
0.801524
-1.42796
-0.0986948
-1.02814
-1.8756
-0.394624
-0.0430391
1.19454
1.92897
-0.858664
0.457882
1.6711
-1.20027
1.77596
0.979067
-1.09653
0.225586
-0.520916
-0.125892
0.700004
-1.25308
-0.530668
0.933451
-1.88512
1.31378
0.0341522
0.108101
1.09937
-0.689159
-1.01029
1.35075
1.01171
-0.767028
0.571787
-1.60083
0.868251
-0.854645
1.49111
0.141083
0.595073
3.02212
-2.08832
-2.14522
-0.608633
-1.13926
-0.669542
-2.88842
0.241884
-1.0491
3.06247
1.32644
2.03531
1.01669
1.54579
-0.937796
-1.22342
0.055808
0.274147
0.614871
-2.45857
0.378854
0.282334
1.90484
0.843562
-1.60086
2.12354
-1.995
0.545033
0.249465
0.636548
-1.05874
1.62569
0.277456
-2.2052
-0.559252
-1.35236
-0.467603
-0.934564
-0.732776
-0.458785
2.33612
0.303555
-0.70816
1.56175
0.854163
0.346302
0.21445
1.59101
1.39281
1.83312
1.59032
0.805166
0.468551
-0.227271
-1.05948
0.290769
0.0784308
1.08458
2.29973
-1.23113
-0.595222
0.0224087
2.51747
-0.538408
0.975122
-2.45214
-0.482487
0.750156
-0.362057
-1.16034
1.34668
-1.96899
-0.45491
-1.72351
0.275164
-3.49275
0.58006
1.42903
2.59971
0.928291
-0.897346
-1.77842
0.519497
1.25706
0.0733366
-0.706271
0.564748
-0.558655
-1.05667
-0.708135
-0.870935
0.217372
-0.162674
-0.542762
0.584179
1.02454
-2.45097
-1.26282
-1.30308
2.0643
-0.0733904
2.14088
-0.555353
-0.988779
0.289721
-0.0354368
-3.5331
1.68658
0.379077
-1.6542
2.19459
1.52196
0.0742233
1.41296
-0.928711
1.13832
0.617946
1.48638
-1.00149
-3.47286
1.76976
1.16755
-1.2053
1.37511
0.625029
0.457127
-0.895917
-0.858862
0.405907
-0.327566
0.913013
-0.146622
1.48259
-1.22903
2.56789
0.529141
-1.5253
1.90118
0.984355
-0.596338
0.59978
2.16776
1.79802
-1.35413
-1.17292
-0.66175
0.482797
-0.0696809
-2.13357
0.575051
2.4232
-0.368348
0.96536
0.237843
-0.788004
0.0667418
0.72241
-0.576637
1.01057
-3.89791
-0.763916
2.71666
-0.966649
1.90677
-0.0229594
0.157196
0.0197909
-1.59334
-2.44617
-1.17411
0.698924
-1.10817
-0.312687
0.234829
0.747966
0.823903
0.927637
-0.323954
0.523264
0.638861
1.3014
1.52303
-0.856948
-1.4068
-0.342223
1.53507
0.463473
-1.90867
2.833
1.83269
2.21247
0.204438
-2.01503
-0.203509
-0.206999
-1.38844
2.41192
-1.39088
1.11976
-3.05246
0.364609
1.8784
-0.384256
-2.27595
0.130421
1.24436
-1.52702
-0.0888778
0.215685
-0.168106
-1.18712
0.354755
-1.27202
-0.537284
0.664201
-0.496628
0.447065
-0.450603
1.73466
-0.307783
0.629871
0.323118
-0.914394
1.34598
0.922795
-0.348649
0.896034
-1.40845
0.224252
1.53263
-0.414822
1.1112
-0.00223871
-2.05183
0.494309
-0.167069
1.07183
-2.18327
0.846056
-0.889347
0.223033
-2.12706
-1.99131
-2.71188
-0.507362
1.55484
-0.956538
0.236708
-0.106982
2.65985
1.69595
-1.02893
-0.308709
1.52938
-0.0170434
-0.187926
0.347556
-0.711737
0.643524
-0.821871
-1.87668
-0.168083
-1.62109
0.296066
-0.326103
-1.01934
-1.16659
-0.536329
1.33174
1.06844
0.0193256
-1.77218
0.773306
-1.62845
-2.12615
-0.961751
-0.54943
1.50882
3.07517
1.98536
-0.67377
0.138568
-0.397166
0.666882
-0.828224
-0.799144
-0.588906
1.5337
0.948507
-0.614966
-0.144809
2.02989
1.35882
1.24604
1.58968
-1.14658
2.44134
-0.935499
-0.495771
1.02702
0.991062
-0.94197
1.3438
-2.26222
1.73399
0.251224
-1.8296
-0.713512
1.67753
-1.24906
-1.45595
0.160749
-2.82658
2.05344
2.23617
-0.663259
-0.461902
-0.964535
-0.145811
-3.67617
1.4147
-0.44242
-2.6558
3.31651
-2.26346
0.787509
-0.47511
0.462697
-1.38222
1.2657
-1.11617
-0.880144
-1.54518
-2.75794
-3.03957
-1.02049
-2.01438
-0.0737887
2.26584
2.68554
1.97042
-1.24791
-1.13348
-0.352927
0.655229
-1.78791
-0.233655
5.31115
-3.14985
0.267911
-1.05057
-0.333591
-0.959249
-3.84468
-1.57206
0.0632051
1.39827
-0.308074
0.582454
1.20087
2.73158
0.181586
1.74541
1.04708
2.43618
1.09148
1.86455
1.21458
-0.0316129
1.57341
-2.8612
1.29853
0.0196582
1.66641
-1.24711
-0.0784833
-1.47484
-1.16767
0.675896
-0.930615
1.97721
-1.09546
-0.605896
-1.4109
-2.18603
2.04158
-3.0385
0.865715
2.4109
0.809546
2.34942
1.60564
-0.615596
0.545365
-2.19328
0.457538
1.0275
0.246651
-1.33146
-0.508918
-1.06591
0.32592
1.93458
-1.13559
-1.48832
1.87762
0.35864
-0.218299
-0.149485
-1.02585
-1.0287
-1.75356
-1.92947
1.37368
-1.35019
1.84749
-2.87849
0.2473
-0.0384179
-1.74353
-2.40893
-1.58653
1.94785
1.3682
0.269547
1.21277
-0.0512934
3.04202
0.224474
-1.26962
2.11825
0.471202
-0.626016
-2.37493
-4.04024
-3.33325
-0.578768
1.21377
-1.99693
-0.0924131
1.95157
-1.16358
0.939934
0.167461
1.13076
-1.55344
1.98873
-1.08203
2.29811
0.0591702
-0.72193
-1.54621
-0.602129
-0.0414312
-1.60074
0.510612
0.413832
-0.885965
0.261949
-0.108091
0.786864
0.60358
0.476999
-1.74784
0.534423
-2.51443
-0.405521
-0.342614
0.703834
-1.64217
0.322148
-0.65521
1.63791
0.0981386
-0.244035
-1.23875
1.42407
-1.76213
-2.68984
-1.06547
0.954734
0.698062
0.263198
-1.06112
0.340452
1.49415
-1.13681
1.53113
-1.88426
-0.0360846
0.12888
-0.374422
-1.36318
0.674779
-0.367914
-0.424551
-1.77716
-1.89856
1.92739
-1.47238
-1.2048
-0.151762
-2.08056
-0.640236
-0.661834
0.266154
1.50499
-0.43688
2.06653
2.31954
0.517542
0.301613
0.121967
-3.0826
0.63
-2.11787
-0.684719
0.947909
-3.2345
0.702223
0.49952
-1.33313
-1.35206
-0.0233544
1.8573
-0.687173
0.724571
-1.34105
0.649021
-1.21478
-2.45798
-0.860246
-1.5704
0.293047
-1.04216
-0.198162
-1.36254
0.483983
-0.735629
1.42984
2.22309
2.05054
-2.33664
1.28539
-0.846683
-1.45681
0.271919
1.03707
-0.514471
-2.30662
-0.197248
-1.56987
0.553752
1.68353
-0.66718
-2.18359
0.377243
-0.762208
-1.15199
1.07752
1.03972
-0.781361
-0.834085
0.730983
0.610157
1.31319
-0.299681
-0.858557
0.884113
1.10121
0.698149
1.04448
1.3549
-0.973109
2.12723
-1.47199
2.16137
-0.769118
-1.02341
-0.402031
-0.120208
0.478765
0.739451
-0.452646
0.434489
-0.195568
-0.0230246
0.0238045
2.33557
1.79538
0.8423
0.188354
-0.388235
-1.08969
0.710955
-0.62648
-0.447198
-2.08698
-1.73067
-1.27673
0.0347061
1.76589
0.0286171
-0.667672
2.59895
1.39431
1.80016
0.521689
0.498282
-0.251269
-0.180298
0.539857
-0.466394
1.76338
-1.70426
-0.388309
-0.460489
0.84965
-2.22825
-0.443398
-0.196562
-1.27757
0.493268
-0.987619
0.0375784
-0.718389
-0.594627
-1.07663
1.28897
1.46808
0.494083
0.335464
0.59096
-1.37156
1.63935
0.0878418
-1.01174
-2.56355
0.379547
-0.648683
1.24072
-0.953324
1.28497
-0.635927
-2.445
1.35461
-1.47096
-1.17281
-1.29158
-1.5122
1.00728
-0.0626265
0.872779
0.891816
-0.600607
-1.67318
1.18817
-0.268973
0.230462
3.01345
-0.68628
-0.879163
1.22747
-0.401875
1.59943
-0.290475
1.78903
0.588277
0.79284
-1.49559
0.464144
-0.379292
1.30963
-0.082616
-0.1769
-1.23771
0.515382
-1.07395
-0.343629
-1.74297
-2.23143
0.807407
-1.98394
0.926058
3.93561
1.43004
-0.661941
1.06508
0.882794
-0.296671
1.80764
-0.62819
-2.59532
-1.46664
-1.75232
0.203352
1.65393
1.22497
1.07931
-2.80877
0.620864
1.05267
-0.656796
-1.17973
0.366198
-0.0796991
1.04293
2.09612
0.208118
0.461636
0.165302
0.128693
-3.07378
1.02011
2.18734
0.144469
0.891589
-0.213032
-0.72818
-0.0495201
0.303706
0.084792
1.78337
-0.469829
1.17994
-1.50922
2.37445
0.058458
-1.63176
1.6883
0.244866
-0.718932
-0.353747
0.404602
1.55942
0.990512
1.6931
0.362982
-0.41689
-0.601916
1.30836
1.75664
-0.0241222
-1.02771
1.41896
-1.38132
0.289599
-0.914401
2.05597
1.18847
0.328484
-0.585338
0.746143
-0.806546
0.88387
0.906173
-0.947756
-0.104375
2.58357
1.38045
2.09571
-1.35372
0.302196
-0.866467
-0.578309
-0.816421
0.477971
1.83141
-1.61106
1.21346
-0.740173
1.76093
0.686926
1.05145
-2.12127
-0.15267
-0.437448
-2.89132
-0.824605
-0.232048
0.349605
2.48272
0.0793107
0.0382199
0.412313
-0.369051
0.999307
-2.02633
-2.25267
0.142718
0.415602
0.820494
-2.07968
1.56174
-2.10619
2.01568
2.27237
-2.07257
2.70524
-0.82278
0.110001
0.0295738
-0.0979201
0.817777
0.912118
-0.799114
-0.951175
0.818474
-1.08003
2.09701
1.70872
0.442079
-0.855232
-1.11794
-1.26174
2.01122
-0.950505
-0.270022
-0.458984
-1.01242
-1.9178
0.0657141
-1.20008
0.855656
-1.98108
0.969954
4.82265
1.00771
-0.40623
-0.889709
-1.8222
2.45754
0.552063
-1.36432
-2.46784
0.953322
0.93386
-0.186758
-0.0855181
0.00217337
-0.28086
1.32117
-1.2264
-0.420468
-1.63128
1.12864
-0.839652
1.02236
-0.0656417
-0.315904
-3.12561
-1.98518
2.25023
1.85643
0.165132
-1.12607
0.154941
-2.10304
0.215843
-0.788461
0.569425
0.367893
-1.42782
-0.915022
0.992525
-1.38087
0.400253
-1.14904
-4.08013
0.329958
-2.40714
1.16653
1.71625
-1.72223
1.65442
-0.583135
-1.16343
0.987787
0.348583
0.523239
-0.770095
0.961125
3.102
1.62489
-0.999029
-1.92519
-1.05862
-0.864962
1.23279
-1.83192
1.11101
-0.0494859
1.44091
0.75276
0.551971
-0.421833
0.850376
-0.0728161
-0.336537
-2.18081
-0.871156
-0.692595
0.0808413
0.249102
-1.22949
-2.06572
-1.48125
0.647898
0.668296
3.36425
1.01927
-0.794799
-0.235193
1.30077
-1.0436
2.15317
-0.37706
-0.853737
0.378466
-1.53122
0.794559
0.0115477
-0.226108
2.60377
-0.310577
-1.18785
1.0227
-2.40221
-1.53212
-0.596933
-1.33861
0.134199
-0.281432
1.32108
-3.32253
0.307488
-0.964963
2.39419
-1.66942
0.506566
1.99579
-1.19518
0.549869
1.11098
-0.241637
2.24461
2.5694
2.59535
-0.446518
1.16722
0.359384
0.198827
0.610403
-0.732911
0.443981
-1.2443
-1.71437
1.02616
1.56954
1.93059
1.669
0.549372
-0.142349
-1.93087
-1.13993
1.02361
0.288008
-1.83641
-0.242702
-0.154662
-0.399093
2.3376
-1.78944
-0.0884267
0.266489
-2.94115
1.32532
-0.182392
0.507803
1.81815
1.65728
2.72129
0.00950192
1.53643
-1.12736
-0.0933998
2.79549
-0.729801
0.357124
-0.16064
-0.101299
-0.108836
-1.4811
1.46433
-2.53969
0.384137
0.309656
0.0765698
-0.538491
2.02423
2.10489
-0.102023
-0.730637
0.31482
-1.17861
-2.13381
0.727105
0.312708
0.263174
1.06383
1.07352
-2.47203
1.24492
0.0849136
1.72962
-1.39579
1.22529
0.524641
-0.0712525
-1.68066
0.522493
2.92276
0.197738
0.289891
-0.756368
1.76014
1.28579
-1.81274
0.0572778
-1.17925
-1.62052
1.57218
-1.766
-0.14013
-2.22648
-0.164385
0.848001
-2.14041
-0.340516
1.85821
-0.161725
0.178518
-0.398719
1.39753
-1.58617
0.61466
-1.08964
0.932577
-0.697496
1.90497
-0.672583
3.22026
-2.25849
0.619993
-1.5462
-0.120709
3.09057
-0.804757
1.04623
-1.13292
1.10953
0.586329
0.925751
-1.54292
-0.625607
-0.757558
0.577799
1.57687
1.32868
0.111562
-1.59844
-0.624479
-0.00977537
1.70113
-1.03338
0.696469
0.160715
0.727604
-2.15984
-1.38224
-0.451424
-0.535831
-3.47328
1.60705
0.272768
0.452873
-2.65209
1.90859
-0.845353
0.640228
0.478176
-0.581037
-0.299785
-0.461848
0.186295
0.845158
-2.59691
-0.410985
-2.09415
2.19208
2.8411
0.46905
0.0603351
-1.16578
0.020518
2.47974
1.43395
0.749858
-1.86322
1.56831
1.79151
-2.31364
-0.723141
0.576614
0.0766732
0.609602
-0.0316921
-1.47758
-3.27447
0.746248
0.521841
-0.989377
1.78455
0.655524
1.21529
-1.09945
1.65701
-0.13045
1.17927
-0.0612985
2.1779
-0.652207
-0.675506
2.01202
-0.95481
1.65242
-1.58191
1.29604
0.363821
1.6104
1.26572
-0.781651
1.46043
0.209253
2.48712
0.648841
0.863376
1.95797
0.539798
1.19944
0.622282
-1.58684
2.47652
-2.46327
-0.228322
0.316274
1.18009
-2.05352
0.294337
0.856205
-0.804801
-0.0740895
-0.0138613
-0.130138
-1.47696
-0.700976
0.291453
1.1856
-0.614298
-0.67743
0.895121
2.26403
2.448
-0.422934
-0.821712
0.979632
-2.28679
-2.19204
-1.83876
1.35664
0.351053
1.42781
-1.15214
-1.28443
-1.86692
0.807467
0.257161
1.24513
-0.469149
1.64805
2.19484
-1.52026
1.39925
1.28988
2.91344
-3.2024
2.17722
2.61437
-0.294863
-0.404603
2.19513
-0.848861
1.25927
1.16413
-0.237766
0.972137
-0.138559
-0.684231
-1.18307
0.274597
0.396307
0.356894
-0.59491
0.51419
2.85878
0.50345
3.1765
0.517137
1.81099
-0.0853198
-0.2959
-0.136526
-0.0568549
-0.729479
2.21651
-0.129538
-2.16296
0.12851
-2.63609
-1.77909
1.51908
-1.49571
-0.313614
1.1828
-1.18359
1.65991
1.57587
-0.992529
-0.865769
-0.41194
-0.117299
0.497588
-1.79814
1.1938
0.166291
2.26916
3.89113
-2.24622
-2.98778
0.391007
1.02548
-0.262246
0.675763
1.27171
-2.10171
-0.757128
-0.580698
-0.387167
0.868396
-1.70341
0.141057
3.42811
0.919038
1.45135
0.430837
-0.0290911
0.584578
-0.561982
-1.43887
-1.09668
0.695038
-1.81797
-0.72234
-0.515706
-0.29765
-0.609016
-0.444202
0.734539
1.71223
-2.74677
0.519255
-1.43318
0.653717
1.19577
2.16649
-0.321242
1.77095
-0.993555
-0.237082
-0.466603
0.372882
-0.771201
2.79809
2.80081
-0.0661482
3.1117
0.419013
-0.55408
0.454461
-1.00574
2.20743
0.426798
-0.426168
-1.17655
-1.35755
-1.00162
2.08908
-1.45479
2.5205
-0.356618
0.95271
2.38459
-1.93737
-1.8929
3.13495
-0.877514
1.27175
0.868573
0.828224
-1.12533
-0.657595
0.428098
2.36385
-1.77516
2.79066
1.32103
3.15978
-0.805474
-0.25196
0.728857
-1.45291
1.08958
-1.16728
-2.60661
-0.27537
-0.960046
-1.02656
1.88128
0.723517
1.58708
1.80068
0.841581
2.92162
-0.256919
-0.747177
0.680548
1.64817
-0.718089
-1.13171
1.1808
-0.795836
-1.04471
-1.10145
1.33808
-2.42117
-0.188026
0.574187
0.919215
-0.00370246
-0.574232
-0.6825
-0.399099
0.0602622
-2.80684
-1.65406
0.917233
0.515488
-0.664425
0.812634
0.637699
1.05809
0.677159
-0.157945
-0.274104
1.91897
1.45115
-1.95318
0.407558
0.645029
1.74677
2.0668
3.1765
0.405844
-1.65197
1.69352
0.812325
1.1487
0.698104
2.24205
1.4028
-0.683619
-1.24818
0.593922
0.282713
-2.58633
0.191535
1.42116
-0.559742
-0.354986
-1.13499
7.37883
-2.93169
2.59815
-1.50225
1.01869
-0.103034
-0.296366
0.394439
-0.0147763
0.521379
2.17339
0.328609
-1.23269
0.0743328
-0.609754
1.16949
-0.623345
-1.47968
-1.39823
1.13145
2.74439
-0.976203
-1.30303
-0.157482
-0.601042
0.128078
-0.371824
-1.04509
0.95859
1.63679
0.341643
0.0691396
0.313139
1.6528
2.22851
-0.249415
-0.842809
0.384981
3.18575
-1.95298
3.48588
0.177577
1.03792
0.920788
0.297084
-0.175233
-0.293976
-1.64615
2.15297
2.27006
1.33368
0.427771
1.55584
-0.815583
1.10873
-2.08504
-0.0155839
-0.4143
0.240726
0.922344
-0.668556
0.557509
-0.109602
-2.02602
1.69684
1.05406
-0.518656
-0.897171
0.201226
0.579905
-0.472367
1.01595
0.421622
-0.709353
-0.147433
-1.44195
-0.303706
0.3125
-0.384512
0.675771
1.24109
0.713411
-2.23444
0.0857923
-1.38546
0.737291
-1.45656
-0.438782
-2.22856
-0.918303
2.74307
1.01473
-0.097232
-0.142182
0.553879
-1.31154
-0.756728
-1.77399
1.06868
-0.514852
1.07884
1.07013
-0.129537
0.645245
-1.41497
-1.56147
-0.483951
-1.67426
-1.1323
0.44533
-0.0669885
1.19737
0.571362
1.42279
1.75824
2.01934
-1.77829
1.48464
1.51692
-1.27468
0.812177
0.985697
0.157193
0.461405
1.67358
-0.633121
-0.0946144
-2.26872
1.89249
3.10631
-1.06444
0.0136455
0.960629
0.5191
2.22032
-0.414431
-1.29786
-0.830956
0.250133
-0.744965
1.05139
0.476869
-1.74822
2.23993
-0.10801
2.12997
-1.66003
1.10339
1.14961
-0.689424
-0.262735
0.332313
0.436787
-0.512993
0.126852
-0.025374
0.556305
-1.46263
-1.01766
-0.537302
0.541899
-0.875422
-1.8001
0.821691
-0.0745098
-3.2561
-0.377916
0.475758
0.209825
0.333823
1.89619
1.13717
-0.882954
1.29757
-2.48423
-1.07176
-0.38352
-2.23136
0.0844394
0.474145
-0.779088
-1.74788
2.52986
2.08733
1.46973
-0.724486
-1.53697
-0.323769
1.31078
0.116394
0.654648
-1.0567
-1.63395
0.481062
0.836137
2.4187
3.72426
2.0578
-1.18632
-1.55813
-1.39672
-2.30971
-1.09075
1.66188
0.831517
